abcd | ef | ghij || klmnopqrs ||
-----|----|------||-----------||
0000 | 00 | 0000 || 000000000 || 00+00 = 00
0000 | 00 | 0001 || 000000001 || 00+01 = 01
0000 | 00 | 0010 || 000000010 || 00+02 = 02
0000 | 00 | 0011 || 000000011 || 00+03 = 03
0000 | 00 | 0100 || 000000100 || 00+04 = 04
0000 | 00 | 0101 || 000000101 || 00+05 = 05
0000 | 00 | 0110 || 000000110 || 00+06 = 06
0000 | 00 | 0111 || 000000111 || 00+07 = 07
0000 | 00 | 1000 || 000001000 || 00+08 = 08
0000 | 00 | 1001 || 000001001 || 00+09 = 09
0000 | 00 | 1010 || 000001010 || 00+10 = 10
0000 | 00 | 1011 || 000001011 || 00+11 = 11
0000 | 00 | 1100 || 000001100 || 00+12 = 12
0000 | 00 | 1101 || 000001101 || 00+13 = 13
0000 | 00 | 1110 || 000001110 || 00+14 = 14
0000 | 00 | 1111 || 000001111 || 00+15 = 15
0001 | 00 | 0000 || 000000001 || 01+00 = 01
0001 | 00 | 0001 || 000000010 || 01+01 = 02
0001 | 00 | 0010 || 000000011 || 01+02 = 03
0001 | 00 | 0011 || 000000100 || 01+03 = 04
0001 | 00 | 0100 || 000000101 || 01+04 = 05
0001 | 00 | 0101 || 000000110 || 01+05 = 06
0001 | 00 | 0110 || 000000111 || 01+06 = 07
0001 | 00 | 0111 || 000001000 || 01+07 = 08
0001 | 00 | 1000 || 000001001 || 01+08 = 09
0001 | 00 | 1001 || 000001010 || 01+09 = 10
0001 | 00 | 1010 || 000001011 || 01+10 = 11
0001 | 00 | 1011 || 000001100 || 01+11 = 12
0001 | 00 | 1100 || 000001101 || 01+12 = 13
0001 | 00 | 1101 || 000001110 || 01+13 = 14
0001 | 00 | 1110 || 000001111 || 01+14 = 15
0001 | 00 | 1111 || 000010000 || 01+15 = 16
0010 | 00 | 0000 || 000000010 || 02+00 = 02
0010 | 00 | 0001 || 000000011 || 02+01 = 03
0010 | 00 | 0010 || 000000100 || 02+02 = 04
0010 | 00 | 0011 || 000000101 || 02+03 = 05
0010 | 00 | 0100 || 000000110 || 02+04 = 06
0010 | 00 | 0101 || 000000111 || 02+05 = 07
0010 | 00 | 0110 || 000001000 || 02+06 = 08
0010 | 00 | 0111 || 000001001 || 02+07 = 09
0010 | 00 | 1000 || 000001010 || 02+08 = 10
0010 | 00 | 1001 || 000001011 || 02+09 = 11
0010 | 00 | 1010 || 000001100 || 02+10 = 12
0010 | 00 | 1011 || 000001101 || 02+11 = 13
0010 | 00 | 1100 || 000001110 || 02+12 = 14
0010 | 00 | 1101 || 000001111 || 02+13 = 15
0010 | 00 | 1110 || 000010000 || 02+14 = 16
0010 | 00 | 1111 || 000010001 || 02+15 = 17
0011 | 00 | 0000 || 000000011 || 03+00 = 03
0011 | 00 | 0001 || 000000100 || 03+01 = 04
0011 | 00 | 0010 || 000000101 || 03+02 = 05
0011 | 00 | 0011 || 000000110 || 03+03 = 06
0011 | 00 | 0100 || 000000111 || 03+04 = 07
0011 | 00 | 0101 || 000001000 || 03+05 = 08
0011 | 00 | 0110 || 000001001 || 03+06 = 09
0011 | 00 | 0111 || 000001010 || 03+07 = 10
0011 | 00 | 1000 || 000001011 || 03+08 = 11
0011 | 00 | 1001 || 000001100 || 03+09 = 12
0011 | 00 | 1010 || 000001101 || 03+10 = 13
0011 | 00 | 1011 || 000001110 || 03+11 = 14
0011 | 00 | 1100 || 000001111 || 03+12 = 15
0011 | 00 | 1101 || 000010000 || 03+13 = 16
0011 | 00 | 1110 || 000010001 || 03+14 = 17
0011 | 00 | 1111 || 000010010 || 03+15 = 18
0100 | 00 | 0000 || 000000100 || 04+00 = 04
0100 | 00 | 0001 || 000000101 || 04+01 = 05
0100 | 00 | 0010 || 000000110 || 04+02 = 06
0100 | 00 | 0011 || 000000111 || 04+03 = 07
0100 | 00 | 0100 || 000001000 || 04+04 = 08
0100 | 00 | 0101 || 000001001 || 04+05 = 09
0100 | 00 | 0110 || 000001010 || 04+06 = 10
0100 | 00 | 0111 || 000001011 || 04+07 = 11
0100 | 00 | 1000 || 000001100 || 04+08 = 12
0100 | 00 | 1001 || 000001101 || 04+09 = 13
0100 | 00 | 1010 || 000001110 || 04+10 = 14
0100 | 00 | 1011 || 000001111 || 04+11 = 15
0100 | 00 | 1100 || 000010000 || 04+12 = 16
0100 | 00 | 1101 || 000010001 || 04+13 = 17
0100 | 00 | 1110 || 000010010 || 04+14 = 18
0100 | 00 | 1111 || 000010011 || 04+15 = 19
0101 | 00 | 0000 || 000000101 || 05+00 = 05
0101 | 00 | 0001 || 000000110 || 05+01 = 06
0101 | 00 | 0010 || 000000111 || 05+02 = 07
0101 | 00 | 0011 || 000001000 || 05+03 = 08
0101 | 00 | 0100 || 000001001 || 05+04 = 09
0101 | 00 | 0101 || 000001010 || 05+05 = 10
0101 | 00 | 0110 || 000001011 || 05+06 = 11
0101 | 00 | 0111 || 000001100 || 05+07 = 12
0101 | 00 | 1000 || 000001101 || 05+08 = 13
0101 | 00 | 1001 || 000001110 || 05+09 = 14
0101 | 00 | 1010 || 000001111 || 05+10 = 15
0101 | 00 | 1011 || 000010000 || 05+11 = 16
0101 | 00 | 1100 || 000010001 || 05+12 = 17
0101 | 00 | 1101 || 000010010 || 05+13 = 18
0101 | 00 | 1110 || 000010011 || 05+14 = 19
0101 | 00 | 1111 || 000010100 || 05+15 = 20
0110 | 00 | 0000 || 000000110 || 06+00 = 06
0110 | 00 | 0001 || 000000111 || 06+01 = 07
0110 | 00 | 0010 || 000001000 || 06+02 = 08
0110 | 00 | 0011 || 000001001 || 06+03 = 09
0110 | 00 | 0100 || 000001010 || 06+04 = 10
0110 | 00 | 0101 || 000001011 || 06+05 = 11
0110 | 00 | 0110 || 000001100 || 06+06 = 12
0110 | 00 | 0111 || 000001101 || 06+07 = 13
0110 | 00 | 1000 || 000001110 || 06+08 = 14
0110 | 00 | 1001 || 000001111 || 06+09 = 15
0110 | 00 | 1010 || 000010000 || 06+10 = 16
0110 | 00 | 1011 || 000010001 || 06+11 = 17
0110 | 00 | 1100 || 000010010 || 06+12 = 18
0110 | 00 | 1101 || 000010011 || 06+13 = 19
0110 | 00 | 1110 || 000010100 || 06+14 = 20
0110 | 00 | 1111 || 000010101 || 06+15 = 21
0111 | 00 | 0000 || 000000111 || 07+00 = 07
0111 | 00 | 0001 || 000001000 || 07+01 = 08
0111 | 00 | 0010 || 000001001 || 07+02 = 09
0111 | 00 | 0011 || 000001010 || 07+03 = 10
0111 | 00 | 0100 || 000001011 || 07+04 = 11
0111 | 00 | 0101 || 000001100 || 07+05 = 12
0111 | 00 | 0110 || 000001101 || 07+06 = 13
0111 | 00 | 0111 || 000001110 || 07+07 = 14
0111 | 00 | 1000 || 000001111 || 07+08 = 15
0111 | 00 | 1001 || 000010000 || 07+09 = 16
0111 | 00 | 1010 || 000010001 || 07+10 = 17
0111 | 00 | 1011 || 000010010 || 07+11 = 18
0111 | 00 | 1100 || 000010011 || 07+12 = 19
0111 | 00 | 1101 || 000010100 || 07+13 = 20
0111 | 00 | 1110 || 000010101 || 07+14 = 21
0111 | 00 | 1111 || 000010110 || 07+15 = 22
1000 | 00 | 0000 || 000001000 || 08+00 = 08
1000 | 00 | 0001 || 000001001 || 08+01 = 09
1000 | 00 | 0010 || 000001010 || 08+02 = 10
1000 | 00 | 0011 || 000001011 || 08+03 = 11
1000 | 00 | 0100 || 000001100 || 08+04 = 12
1000 | 00 | 0101 || 000001101 || 08+05 = 13
1000 | 00 | 0110 || 000001110 || 08+06 = 14
1000 | 00 | 0111 || 000001111 || 08+07 = 15
1000 | 00 | 1000 || 000010000 || 08+08 = 16
1000 | 00 | 1001 || 000010001 || 08+09 = 17
1000 | 00 | 1010 || 000010010 || 08+10 = 18
1000 | 00 | 1011 || 000010011 || 08+11 = 19
1000 | 00 | 1100 || 000010100 || 08+12 = 20
1000 | 00 | 1101 || 000010101 || 08+13 = 21
1000 | 00 | 1110 || 000010110 || 08+14 = 22
1000 | 00 | 1111 || 000010111 || 08+15 = 23
1001 | 00 | 0000 || 000001001 || 09+00 = 09
1001 | 00 | 0001 || 000001010 || 09+01 = 10
1001 | 00 | 0010 || 000001011 || 09+02 = 11
1001 | 00 | 0011 || 000001100 || 09+03 = 12
1001 | 00 | 0100 || 000001101 || 09+04 = 13
1001 | 00 | 0101 || 000001110 || 09+05 = 14
1001 | 00 | 0110 || 000001111 || 09+06 = 15
1001 | 00 | 0111 || 000010000 || 09+07 = 16
1001 | 00 | 1000 || 000010001 || 09+08 = 17
1001 | 00 | 1001 || 000010010 || 09+09 = 18
1001 | 00 | 1010 || 000010011 || 09+10 = 19
1001 | 00 | 1011 || 000010100 || 09+11 = 20
1001 | 00 | 1100 || 000010101 || 09+12 = 21
1001 | 00 | 1101 || 000010110 || 09+13 = 22
1001 | 00 | 1110 || 000010111 || 09+14 = 23
1001 | 00 | 1111 || 000011000 || 09+15 = 24
1010 | 00 | 0000 || 000001010 || 10+00 = 10
1010 | 00 | 0001 || 000001011 || 10+01 = 11
1010 | 00 | 0010 || 000001100 || 10+02 = 12
1010 | 00 | 0011 || 000001101 || 10+03 = 13
1010 | 00 | 0100 || 000001110 || 10+04 = 14
1010 | 00 | 0101 || 000001111 || 10+05 = 15
1010 | 00 | 0110 || 000010000 || 10+06 = 16
1010 | 00 | 0111 || 000010001 || 10+07 = 17
1010 | 00 | 1000 || 000010010 || 10+08 = 18
1010 | 00 | 1001 || 000010011 || 10+09 = 19
1010 | 00 | 1010 || 000010100 || 10+10 = 20
1010 | 00 | 1011 || 000010101 || 10+11 = 21
1010 | 00 | 1100 || 000010110 || 10+12 = 22
1010 | 00 | 1101 || 000010111 || 10+13 = 23
1010 | 00 | 1110 || 000011000 || 10+14 = 24
1010 | 00 | 1111 || 000011001 || 10+15 = 25
1011 | 00 | 0000 || 000001011 || 11+00 = 11
1011 | 00 | 0001 || 000001100 || 11+01 = 12
1011 | 00 | 0010 || 000001101 || 11+02 = 13
1011 | 00 | 0011 || 000001110 || 11+03 = 14
1011 | 00 | 0100 || 000001111 || 11+04 = 15
1011 | 00 | 0101 || 000010000 || 11+05 = 16
1011 | 00 | 0110 || 000010001 || 11+06 = 17
1011 | 00 | 0111 || 000010010 || 11+07 = 18
1011 | 00 | 1000 || 000010011 || 11+08 = 19
1011 | 00 | 1001 || 000010100 || 11+09 = 20
1011 | 00 | 1010 || 000010101 || 11+10 = 21
1011 | 00 | 1011 || 000010110 || 11+11 = 22
1011 | 00 | 1100 || 000010111 || 11+12 = 23
1011 | 00 | 1101 || 000011000 || 11+13 = 24
1011 | 00 | 1110 || 000011001 || 11+14 = 25
1011 | 00 | 1111 || 000011010 || 11+15 = 26
1100 | 00 | 0000 || 000001100 || 12+00 = 12
1100 | 00 | 0001 || 000001101 || 12+01 = 13
1100 | 00 | 0010 || 000001110 || 12+02 = 14
1100 | 00 | 0011 || 000001111 || 12+03 = 15
1100 | 00 | 0100 || 000010000 || 12+04 = 16
1100 | 00 | 0101 || 000010001 || 12+05 = 17
1100 | 00 | 0110 || 000010010 || 12+06 = 18
1100 | 00 | 0111 || 000010011 || 12+07 = 19
1100 | 00 | 1000 || 000010100 || 12+08 = 20
1100 | 00 | 1001 || 000010101 || 12+09 = 21
1100 | 00 | 1010 || 000010110 || 12+10 = 22
1100 | 00 | 1011 || 000010111 || 12+11 = 23
1100 | 00 | 1100 || 000011000 || 12+12 = 24
1100 | 00 | 1101 || 000011001 || 12+13 = 25
1100 | 00 | 1110 || 000011010 || 12+14 = 26
1100 | 00 | 1111 || 000011011 || 12+15 = 27
1101 | 00 | 0000 || 000001101 || 13+00 = 13
1101 | 00 | 0001 || 000001110 || 13+01 = 14
1101 | 00 | 0010 || 000001111 || 13+02 = 15
1101 | 00 | 0011 || 000010000 || 13+03 = 16
1101 | 00 | 0100 || 000010001 || 13+04 = 17
1101 | 00 | 0101 || 000010010 || 13+05 = 18
1101 | 00 | 0110 || 000010011 || 13+06 = 19
1101 | 00 | 0111 || 000010100 || 13+07 = 20
1101 | 00 | 1000 || 000010101 || 13+08 = 21
1101 | 00 | 1001 || 000010110 || 13+09 = 22
1101 | 00 | 1010 || 000010111 || 13+10 = 23
1101 | 00 | 1011 || 000011000 || 13+11 = 24
1101 | 00 | 1100 || 000011001 || 13+12 = 25
1101 | 00 | 1101 || 000011010 || 13+13 = 26
1101 | 00 | 1110 || 000011011 || 13+14 = 27
1101 | 00 | 1111 || 000011100 || 13+15 = 28
1110 | 00 | 0000 || 000001110 || 14+00 = 14
1110 | 00 | 0001 || 000001111 || 14+01 = 15
1110 | 00 | 0010 || 000010000 || 14+02 = 16
1110 | 00 | 0011 || 000010001 || 14+03 = 17
1110 | 00 | 0100 || 000010010 || 14+04 = 18
1110 | 00 | 0101 || 000010011 || 14+05 = 19
1110 | 00 | 0110 || 000010100 || 14+06 = 20
1110 | 00 | 0111 || 000010101 || 14+07 = 21
1110 | 00 | 1000 || 000010110 || 14+08 = 22
1110 | 00 | 1001 || 000010111 || 14+09 = 23
1110 | 00 | 1010 || 000011000 || 14+10 = 24
1110 | 00 | 1011 || 000011001 || 14+11 = 25
1110 | 00 | 1100 || 000011010 || 14+12 = 26
1110 | 00 | 1101 || 000011011 || 14+13 = 27
1110 | 00 | 1110 || 000011100 || 14+14 = 28
1110 | 00 | 1111 || 000011101 || 14+15 = 29
1111 | 00 | 0000 || 000001111 || 15+00 = 15
1111 | 00 | 0001 || 000010000 || 15+01 = 16
1111 | 00 | 0010 || 000010001 || 15+02 = 17
1111 | 00 | 0011 || 000010010 || 15+03 = 18
1111 | 00 | 0100 || 000010011 || 15+04 = 19
1111 | 00 | 0101 || 000010100 || 15+05 = 20
1111 | 00 | 0110 || 000010101 || 15+06 = 21
1111 | 00 | 0111 || 000010110 || 15+07 = 22
1111 | 00 | 1000 || 000010111 || 15+08 = 23
1111 | 00 | 1001 || 000011000 || 15+09 = 24
1111 | 00 | 1010 || 000011001 || 15+10 = 25
1111 | 00 | 1011 || 000011010 || 15+11 = 26
1111 | 00 | 1100 || 000011011 || 15+12 = 27
1111 | 00 | 1101 || 000011100 || 15+13 = 28
1111 | 00 | 1110 || 000011101 || 15+14 = 29
1111 | 00 | 1111 || 000011110 || 15+15 = 30
0000 | 01 | 0000 || 000000000 || 00-00 = 00
0000 | 01 | 0001 || 100000001 || 00-01 = -1
0000 | 01 | 0010 || 100000010 || 00-02 = -2
0000 | 01 | 0011 || 100000011 || 00-03 = -3
0000 | 01 | 0100 || 100000100 || 00-04 = -4
0000 | 01 | 0101 || 100000101 || 00-05 = -5
0000 | 01 | 0110 || 100000110 || 00-06 = -6
0000 | 01 | 0111 || 100000111 || 00-07 = -7
0000 | 01 | 1000 || 100001000 || 00-08 = -8
0000 | 01 | 1001 || 100001001 || 00-09 = -9
0000 | 01 | 1010 || 100001010 || 00-10 = -10
0000 | 01 | 1011 || 100001011 || 00-11 = -11
0000 | 01 | 1100 || 100001100 || 00-12 = -12
0000 | 01 | 1101 || 100001101 || 00-13 = -13
0000 | 01 | 1110 || 100001110 || 00-14 = -14
0000 | 01 | 1111 || 100001111 || 00-15 = -15
0001 | 01 | 0000 || 000000001 || 01-00 = 01
0001 | 01 | 0001 || 000000000 || 01-01 = 00
0001 | 01 | 0010 || 100000001 || 01-02 = -1
0001 | 01 | 0011 || 100000010 || 01-03 = -2
0001 | 01 | 0100 || 100000011 || 01-04 = -3
0001 | 01 | 0101 || 100000100 || 01-05 = -4
0001 | 01 | 0110 || 100000101 || 01-06 = -5
0001 | 01 | 0111 || 100000110 || 01-07 = -6
0001 | 01 | 1000 || 100000111 || 01-08 = -7
0001 | 01 | 1001 || 100001000 || 01-09 = -8
0001 | 01 | 1010 || 100001001 || 01-10 = -9
0001 | 01 | 1011 || 100001010 || 01-11 = -10
0001 | 01 | 1100 || 100001011 || 01-12 = -11
0001 | 01 | 1101 || 100001100 || 01-13 = -12
0001 | 01 | 1110 || 100001101 || 01-14 = -13
0001 | 01 | 1111 || 100001110 || 01-15 = -14
0010 | 01 | 0000 || 000000010 || 02-00 = 02
0010 | 01 | 0001 || 000000001 || 02-01 = 01
0010 | 01 | 0010 || 000000000 || 02-02 = 00
0010 | 01 | 0011 || 100000001 || 02-03 = -1
0010 | 01 | 0100 || 100000010 || 02-04 = -2
0010 | 01 | 0101 || 100000011 || 02-05 = -3
0010 | 01 | 0110 || 100000100 || 02-06 = -4
0010 | 01 | 0111 || 100000101 || 02-07 = -5
0010 | 01 | 1000 || 100000110 || 02-08 = -6
0010 | 01 | 1001 || 100000111 || 02-09 = -7
0010 | 01 | 1010 || 100001000 || 02-10 = -8
0010 | 01 | 1011 || 100001001 || 02-11 = -9
0010 | 01 | 1100 || 100001010 || 02-12 = -10
0010 | 01 | 1101 || 100001011 || 02-13 = -11
0010 | 01 | 1110 || 100001100 || 02-14 = -12
0010 | 01 | 1111 || 100001101 || 02-15 = -13
0011 | 01 | 0000 || 000000011 || 03-00 = 03
0011 | 01 | 0001 || 000000010 || 03-01 = 02
0011 | 01 | 0010 || 000000001 || 03-02 = 01
0011 | 01 | 0011 || 000000000 || 03-03 = 00
0011 | 01 | 0100 || 100000001 || 03-04 = -1
0011 | 01 | 0101 || 100000010 || 03-05 = -2
0011 | 01 | 0110 || 100000011 || 03-06 = -3
0011 | 01 | 0111 || 100000100 || 03-07 = -4
0011 | 01 | 1000 || 100000101 || 03-08 = -5
0011 | 01 | 1001 || 100000110 || 03-09 = -6
0011 | 01 | 1010 || 100000111 || 03-10 = -7
0011 | 01 | 1011 || 100001000 || 03-11 = -8
0011 | 01 | 1100 || 100001001 || 03-12 = -9
0011 | 01 | 1101 || 100001010 || 03-13 = -10
0011 | 01 | 1110 || 100001011 || 03-14 = -11
0011 | 01 | 1111 || 100001100 || 03-15 = -12
0100 | 01 | 0000 || 000000100 || 04-00 = 04
0100 | 01 | 0001 || 000000011 || 04-01 = 03
0100 | 01 | 0010 || 000000010 || 04-02 = 02
0100 | 01 | 0011 || 000000001 || 04-03 = 01
0100 | 01 | 0100 || 000000000 || 04-04 = 00
0100 | 01 | 0101 || 100000001 || 04-05 = -1
0100 | 01 | 0110 || 100000010 || 04-06 = -2
0100 | 01 | 0111 || 100000011 || 04-07 = -3
0100 | 01 | 1000 || 100000100 || 04-08 = -4
0100 | 01 | 1001 || 100000101 || 04-09 = -5
0100 | 01 | 1010 || 100000110 || 04-10 = -6
0100 | 01 | 1011 || 100000111 || 04-11 = -7
0100 | 01 | 1100 || 100001000 || 04-12 = -8
0100 | 01 | 1101 || 100001001 || 04-13 = -9
0100 | 01 | 1110 || 100001010 || 04-14 = -10
0100 | 01 | 1111 || 100001011 || 04-15 = -11
0101 | 01 | 0000 || 000000101 || 05-00 = 05
0101 | 01 | 0001 || 000000100 || 05-01 = 04
0101 | 01 | 0010 || 000000011 || 05-02 = 03
0101 | 01 | 0011 || 000000010 || 05-03 = 02
0101 | 01 | 0100 || 000000001 || 05-04 = 01
0101 | 01 | 0101 || 000000000 || 05-05 = 00
0101 | 01 | 0110 || 100000001 || 05-06 = -1
0101 | 01 | 0111 || 100000010 || 05-07 = -2
0101 | 01 | 1000 || 100000011 || 05-08 = -3
0101 | 01 | 1001 || 100000100 || 05-09 = -4
0101 | 01 | 1010 || 100000101 || 05-10 = -5
0101 | 01 | 1011 || 100000110 || 05-11 = -6
0101 | 01 | 1100 || 100000111 || 05-12 = -7
0101 | 01 | 1101 || 100001000 || 05-13 = -8
0101 | 01 | 1110 || 100001001 || 05-14 = -9
0101 | 01 | 1111 || 100001010 || 05-15 = -10
0110 | 01 | 0000 || 000000110 || 06-00 = 06
0110 | 01 | 0001 || 000000101 || 06-01 = 05
0110 | 01 | 0010 || 000000100 || 06-02 = 04
0110 | 01 | 0011 || 000000011 || 06-03 = 03
0110 | 01 | 0100 || 000000010 || 06-04 = 02
0110 | 01 | 0101 || 000000001 || 06-05 = 01
0110 | 01 | 0110 || 000000000 || 06-06 = 00
0110 | 01 | 0111 || 100000001 || 06-07 = -1
0110 | 01 | 1000 || 100000010 || 06-08 = -2
0110 | 01 | 1001 || 100000011 || 06-09 = -3
0110 | 01 | 1010 || 100000100 || 06-10 = -4
0110 | 01 | 1011 || 100000101 || 06-11 = -5
0110 | 01 | 1100 || 100000110 || 06-12 = -6
0110 | 01 | 1101 || 100000111 || 06-13 = -7
0110 | 01 | 1110 || 100001000 || 06-14 = -8
0110 | 01 | 1111 || 100001001 || 06-15 = -9
0111 | 01 | 0000 || 000000111 || 07-00 = 07
0111 | 01 | 0001 || 000000110 || 07-01 = 06
0111 | 01 | 0010 || 000000101 || 07-02 = 05
0111 | 01 | 0011 || 000000100 || 07-03 = 04
0111 | 01 | 0100 || 000000011 || 07-04 = 03
0111 | 01 | 0101 || 000000010 || 07-05 = 02
0111 | 01 | 0110 || 000000001 || 07-06 = 01
0111 | 01 | 0111 || 000000000 || 07-07 = 00
0111 | 01 | 1000 || 100000001 || 07-08 = -1
0111 | 01 | 1001 || 100000010 || 07-09 = -2
0111 | 01 | 1010 || 100000011 || 07-10 = -3
0111 | 01 | 1011 || 100000100 || 07-11 = -4
0111 | 01 | 1100 || 100000101 || 07-12 = -5
0111 | 01 | 1101 || 100000110 || 07-13 = -6
0111 | 01 | 1110 || 100000111 || 07-14 = -7
0111 | 01 | 1111 || 100001000 || 07-15 = -8
1000 | 01 | 0000 || 000001000 || 08-00 = 08
1000 | 01 | 0001 || 000000111 || 08-01 = 07
1000 | 01 | 0010 || 000000110 || 08-02 = 06
1000 | 01 | 0011 || 000000101 || 08-03 = 05
1000 | 01 | 0100 || 000000100 || 08-04 = 04
1000 | 01 | 0101 || 000000011 || 08-05 = 03
1000 | 01 | 0110 || 000000010 || 08-06 = 02
1000 | 01 | 0111 || 000000001 || 08-07 = 01
1000 | 01 | 1000 || 000000000 || 08-08 = 00
1000 | 01 | 1001 || 100000001 || 08-09 = -1
1000 | 01 | 1010 || 100000010 || 08-10 = -2
1000 | 01 | 1011 || 100000011 || 08-11 = -3
1000 | 01 | 1100 || 100000100 || 08-12 = -4
1000 | 01 | 1101 || 100000101 || 08-13 = -5
1000 | 01 | 1110 || 100000110 || 08-14 = -6
1000 | 01 | 1111 || 100000111 || 08-15 = -7
1001 | 01 | 0000 || 000001001 || 09-00 = 09
1001 | 01 | 0001 || 000001000 || 09-01 = 08
1001 | 01 | 0010 || 000000111 || 09-02 = 07
1001 | 01 | 0011 || 000000110 || 09-03 = 06
1001 | 01 | 0100 || 000000101 || 09-04 = 05
1001 | 01 | 0101 || 000000100 || 09-05 = 04
1001 | 01 | 0110 || 000000011 || 09-06 = 03
1001 | 01 | 0111 || 000000010 || 09-07 = 02
1001 | 01 | 1000 || 000000001 || 09-08 = 01
1001 | 01 | 1001 || 000000000 || 09-09 = 00
1001 | 01 | 1010 || 100000001 || 09-10 = -1
1001 | 01 | 1011 || 100000010 || 09-11 = -2
1001 | 01 | 1100 || 100000011 || 09-12 = -3
1001 | 01 | 1101 || 100000100 || 09-13 = -4
1001 | 01 | 1110 || 100000101 || 09-14 = -5
1001 | 01 | 1111 || 100000110 || 09-15 = -6
1010 | 01 | 0000 || 000001010 || 10-00 = 010
1010 | 01 | 0001 || 000001001 || 10-01 = 09
1010 | 01 | 0010 || 000001000 || 10-02 = 08
1010 | 01 | 0011 || 000000111 || 10-03 = 07
1010 | 01 | 0100 || 000000110 || 10-04 = 06
1010 | 01 | 0101 || 000000101 || 10-05 = 05
1010 | 01 | 0110 || 000000100 || 10-06 = 04
1010 | 01 | 0111 || 000000011 || 10-07 = 03
1010 | 01 | 1000 || 000000010 || 10-08 = 02
1010 | 01 | 1001 || 000000001 || 10-09 = 01
1010 | 01 | 1010 || 000000000 || 10-10 = 00
1010 | 01 | 1011 || 100000001 || 10-11 = -1
1010 | 01 | 1100 || 100000010 || 10-12 = -2
1010 | 01 | 1101 || 100000011 || 10-13 = -3
1010 | 01 | 1110 || 100000100 || 10-14 = -4
1010 | 01 | 1111 || 100000101 || 10-15 = -5
1011 | 01 | 0000 || 000001011 || 11-00 = 011
1011 | 01 | 0001 || 000001010 || 11-01 = 010
1011 | 01 | 0010 || 000001001 || 11-02 = 09
1011 | 01 | 0011 || 000001000 || 11-03 = 08
1011 | 01 | 0100 || 000000111 || 11-04 = 07
1011 | 01 | 0101 || 000000110 || 11-05 = 06
1011 | 01 | 0110 || 000000101 || 11-06 = 05
1011 | 01 | 0111 || 000000100 || 11-07 = 04
1011 | 01 | 1000 || 000000011 || 11-08 = 03
1011 | 01 | 1001 || 000000010 || 11-09 = 02
1011 | 01 | 1010 || 000000001 || 11-10 = 01
1011 | 01 | 1011 || 000000000 || 11-11 = 00
1011 | 01 | 1100 || 100000001 || 11-12 = -1
1011 | 01 | 1101 || 100000010 || 11-13 = -2
1011 | 01 | 1110 || 100000011 || 11-14 = -3
1011 | 01 | 1111 || 100000100 || 11-15 = -4
1100 | 01 | 0000 || 000001100 || 12-00 = 012
1100 | 01 | 0001 || 000001011 || 12-01 = 011
1100 | 01 | 0010 || 000001010 || 12-02 = 010
1100 | 01 | 0011 || 000001001 || 12-03 = 09
1100 | 01 | 0100 || 000001000 || 12-04 = 08
1100 | 01 | 0101 || 000000111 || 12-05 = 07
1100 | 01 | 0110 || 000000110 || 12-06 = 06
1100 | 01 | 0111 || 000000101 || 12-07 = 05
1100 | 01 | 1000 || 000000100 || 12-08 = 04
1100 | 01 | 1001 || 000000011 || 12-09 = 03
1100 | 01 | 1010 || 000000010 || 12-10 = 02
1100 | 01 | 1011 || 000000001 || 12-11 = 01
1100 | 01 | 1100 || 000000000 || 12-12 = 00
1100 | 01 | 1101 || 100000001 || 12-13 = -1
1100 | 01 | 1110 || 100000010 || 12-14 = -2
1100 | 01 | 1111 || 100000011 || 12-15 = -3
1101 | 01 | 0000 || 000001101 || 13-00 = 013
1101 | 01 | 0001 || 000001100 || 13-01 = 012
1101 | 01 | 0010 || 000001011 || 13-02 = 011
1101 | 01 | 0011 || 000001010 || 13-03 = 010
1101 | 01 | 0100 || 000001001 || 13-04 = 09
1101 | 01 | 0101 || 000001000 || 13-05 = 08
1101 | 01 | 0110 || 000000111 || 13-06 = 07
1101 | 01 | 0111 || 000000110 || 13-07 = 06
1101 | 01 | 1000 || 000000101 || 13-08 = 05
1101 | 01 | 1001 || 000000100 || 13-09 = 04
1101 | 01 | 1010 || 000000011 || 13-10 = 03
1101 | 01 | 1011 || 000000010 || 13-11 = 02
1101 | 01 | 1100 || 000000001 || 13-12 = 01
1101 | 01 | 1101 || 000000000 || 13-13 = 00
1101 | 01 | 1110 || 100000001 || 13-14 = -1
1101 | 01 | 1111 || 100000010 || 13-15 = -2
1110 | 01 | 0000 || 000001110 || 14-00 = 014
1110 | 01 | 0001 || 000001101 || 14-01 = 013
1110 | 01 | 0010 || 000001100 || 14-02 = 012
1110 | 01 | 0011 || 000001011 || 14-03 = 011
1110 | 01 | 0100 || 000001010 || 14-04 = 010
1110 | 01 | 0101 || 000001001 || 14-05 = 09
1110 | 01 | 0110 || 000001000 || 14-06 = 08
1110 | 01 | 0111 || 000000111 || 14-07 = 07
1110 | 01 | 1000 || 000000110 || 14-08 = 06
1110 | 01 | 1001 || 000000101 || 14-09 = 05
1110 | 01 | 1010 || 000000100 || 14-10 = 04
1110 | 01 | 1011 || 000000011 || 14-11 = 03
1110 | 01 | 1100 || 000000010 || 14-12 = 02
1110 | 01 | 1101 || 000000001 || 14-13 = 01
1110 | 01 | 1110 || 000000000 || 14-14 = 00
1110 | 01 | 1111 || 100000001 || 14-15 = -1
1111 | 01 | 0000 || 000001111 || 15-00 = 015
1111 | 01 | 0001 || 000001110 || 15-01 = 014
1111 | 01 | 0010 || 000001101 || 15-02 = 013
1111 | 01 | 0011 || 000001100 || 15-03 = 012
1111 | 01 | 0100 || 000001011 || 15-04 = 011
1111 | 01 | 0101 || 000001010 || 15-05 = 010
1111 | 01 | 0110 || 000001001 || 15-06 = 09
1111 | 01 | 0111 || 000001000 || 15-07 = 08
1111 | 01 | 1000 || 000000111 || 15-08 = 07
1111 | 01 | 1001 || 000000110 || 15-09 = 06
1111 | 01 | 1010 || 000000101 || 15-10 = 05
1111 | 01 | 1011 || 000000100 || 15-11 = 04
1111 | 01 | 1100 || 000000011 || 15-12 = 03
1111 | 01 | 1101 || 000000010 || 15-13 = 02
1111 | 01 | 1110 || 000000001 || 15-14 = 01
1111 | 01 | 1111 || 000000000 || 15-15 = 00
0000 | 10 | 0000 || 000000000 || 00*00 = 00
0000 | 10 | 0001 || 000000000 || 00*01 = 00
0000 | 10 | 0010 || 000000000 || 00*02 = 00
0000 | 10 | 0011 || 000000000 || 00*03 = 00
0000 | 10 | 0100 || 000000000 || 00*04 = 00
0000 | 10 | 0101 || 000000000 || 00*05 = 00
0000 | 10 | 0110 || 000000000 || 00*06 = 00
0000 | 10 | 0111 || 000000000 || 00*07 = 00
0000 | 10 | 1000 || 000000000 || 00*08 = 00
0000 | 10 | 1001 || 000000000 || 00*09 = 00
0000 | 10 | 1010 || 000000000 || 00*10 = 00
0000 | 10 | 1011 || 000000000 || 00*11 = 00
0000 | 10 | 1100 || 000000000 || 00*12 = 00
0000 | 10 | 1101 || 000000000 || 00*13 = 00
0000 | 10 | 1110 || 000000000 || 00*14 = 00
0000 | 10 | 1111 || 000000000 || 00*15 = 00
0001 | 10 | 0000 || 000000000 || 01*00 = 00
0001 | 10 | 0001 || 000000001 || 01*01 = 01
0001 | 10 | 0010 || 000000010 || 01*02 = 02
0001 | 10 | 0011 || 000000011 || 01*03 = 03
0001 | 10 | 0100 || 000000100 || 01*04 = 04
0001 | 10 | 0101 || 000000101 || 01*05 = 05
0001 | 10 | 0110 || 000000110 || 01*06 = 06
0001 | 10 | 0111 || 000000111 || 01*07 = 07
0001 | 10 | 1000 || 000001000 || 01*08 = 08
0001 | 10 | 1001 || 000001001 || 01*09 = 09
0001 | 10 | 1010 || 000001010 || 01*10 = 10
0001 | 10 | 1011 || 000001011 || 01*11 = 11
0001 | 10 | 1100 || 000001100 || 01*12 = 12
0001 | 10 | 1101 || 000001101 || 01*13 = 13
0001 | 10 | 1110 || 000001110 || 01*14 = 14
0001 | 10 | 1111 || 000001111 || 01*15 = 15
0010 | 10 | 0000 || 000000000 || 02*00 = 00
0010 | 10 | 0001 || 000000010 || 02*01 = 02
0010 | 10 | 0010 || 000000100 || 02*02 = 04
0010 | 10 | 0011 || 000000110 || 02*03 = 06
0010 | 10 | 0100 || 000001000 || 02*04 = 08
0010 | 10 | 0101 || 000001010 || 02*05 = 10
0010 | 10 | 0110 || 000001100 || 02*06 = 12
0010 | 10 | 0111 || 000001110 || 02*07 = 14
0010 | 10 | 1000 || 000010000 || 02*08 = 16
0010 | 10 | 1001 || 000010010 || 02*09 = 18
0010 | 10 | 1010 || 000010100 || 02*10 = 20
0010 | 10 | 1011 || 000010110 || 02*11 = 22
0010 | 10 | 1100 || 000011000 || 02*12 = 24
0010 | 10 | 1101 || 000011010 || 02*13 = 26
0010 | 10 | 1110 || 000011100 || 02*14 = 28
0010 | 10 | 1111 || 000011110 || 02*15 = 30
0011 | 10 | 0000 || 000000000 || 03*00 = 00
0011 | 10 | 0001 || 000000011 || 03*01 = 03
0011 | 10 | 0010 || 000000110 || 03*02 = 06
0011 | 10 | 0011 || 000001001 || 03*03 = 09
0011 | 10 | 0100 || 000001100 || 03*04 = 12
0011 | 10 | 0101 || 000001111 || 03*05 = 15
0011 | 10 | 0110 || 000010010 || 03*06 = 18
0011 | 10 | 0111 || 000010101 || 03*07 = 21
0011 | 10 | 1000 || 000011000 || 03*08 = 24
0011 | 10 | 1001 || 000011011 || 03*09 = 27
0011 | 10 | 1010 || 000011110 || 03*10 = 30
0011 | 10 | 1011 || 000100001 || 03*11 = 33
0011 | 10 | 1100 || 000100100 || 03*12 = 36
0011 | 10 | 1101 || 000100111 || 03*13 = 39
0011 | 10 | 1110 || 000101010 || 03*14 = 42
0011 | 10 | 1111 || 000101101 || 03*15 = 45
0100 | 10 | 0000 || 000000000 || 04*00 = 00
0100 | 10 | 0001 || 000000100 || 04*01 = 04
0100 | 10 | 0010 || 000001000 || 04*02 = 08
0100 | 10 | 0011 || 000001100 || 04*03 = 12
0100 | 10 | 0100 || 000010000 || 04*04 = 16
0100 | 10 | 0101 || 000010100 || 04*05 = 20
0100 | 10 | 0110 || 000011000 || 04*06 = 24
0100 | 10 | 0111 || 000011100 || 04*07 = 28
0100 | 10 | 1000 || 000100000 || 04*08 = 32
0100 | 10 | 1001 || 000100100 || 04*09 = 36
0100 | 10 | 1010 || 000101000 || 04*10 = 40
0100 | 10 | 1011 || 000101100 || 04*11 = 44
0100 | 10 | 1100 || 000110000 || 04*12 = 48
0100 | 10 | 1101 || 000110100 || 04*13 = 52
0100 | 10 | 1110 || 000111000 || 04*14 = 56
0100 | 10 | 1111 || 000111100 || 04*15 = 60
0101 | 10 | 0000 || 000000000 || 05*00 = 00
0101 | 10 | 0001 || 000000101 || 05*01 = 05
0101 | 10 | 0010 || 000001010 || 05*02 = 10
0101 | 10 | 0011 || 000001111 || 05*03 = 15
0101 | 10 | 0100 || 000010100 || 05*04 = 20
0101 | 10 | 0101 || 000011001 || 05*05 = 25
0101 | 10 | 0110 || 000011110 || 05*06 = 30
0101 | 10 | 0111 || 000100011 || 05*07 = 35
0101 | 10 | 1000 || 000101000 || 05*08 = 40
0101 | 10 | 1001 || 000101101 || 05*09 = 45
0101 | 10 | 1010 || 000110010 || 05*10 = 50
0101 | 10 | 1011 || 000110111 || 05*11 = 55
0101 | 10 | 1100 || 000111100 || 05*12 = 60
0101 | 10 | 1101 || 001000001 || 05*13 = 65
0101 | 10 | 1110 || 001000110 || 05*14 = 70
0101 | 10 | 1111 || 001001011 || 05*15 = 75
0110 | 10 | 0000 || 000000000 || 06*00 = 00
0110 | 10 | 0001 || 000000110 || 06*01 = 06
0110 | 10 | 0010 || 000001100 || 06*02 = 12
0110 | 10 | 0011 || 000010010 || 06*03 = 18
0110 | 10 | 0100 || 000011000 || 06*04 = 24
0110 | 10 | 0101 || 000011110 || 06*05 = 30
0110 | 10 | 0110 || 000100100 || 06*06 = 36
0110 | 10 | 0111 || 000101010 || 06*07 = 42
0110 | 10 | 1000 || 000110000 || 06*08 = 48
0110 | 10 | 1001 || 000110110 || 06*09 = 54
0110 | 10 | 1010 || 000111100 || 06*10 = 60
0110 | 10 | 1011 || 001000010 || 06*11 = 66
0110 | 10 | 1100 || 001001000 || 06*12 = 72
0110 | 10 | 1101 || 001001110 || 06*13 = 78
0110 | 10 | 1110 || 001010100 || 06*14 = 84
0110 | 10 | 1111 || 001011010 || 06*15 = 90
0111 | 10 | 0000 || 000000000 || 07*00 = 00
0111 | 10 | 0001 || 000000111 || 07*01 = 07
0111 | 10 | 0010 || 000001110 || 07*02 = 14
0111 | 10 | 0011 || 000010101 || 07*03 = 21
0111 | 10 | 0100 || 000011100 || 07*04 = 28
0111 | 10 | 0101 || 000100011 || 07*05 = 35
0111 | 10 | 0110 || 000101010 || 07*06 = 42
0111 | 10 | 0111 || 000110001 || 07*07 = 49
0111 | 10 | 1000 || 000111000 || 07*08 = 56
0111 | 10 | 1001 || 000111111 || 07*09 = 63
0111 | 10 | 1010 || 001000110 || 07*10 = 70
0111 | 10 | 1011 || 001001101 || 07*11 = 77
0111 | 10 | 1100 || 001010100 || 07*12 = 84
0111 | 10 | 1101 || 001011011 || 07*13 = 91
0111 | 10 | 1110 || 001100010 || 07*14 = 98
0111 | 10 | 1111 || 001101001 || 07*15 = 105
1000 | 10 | 0000 || 000000000 || 08*00 = 00
1000 | 10 | 0001 || 000001000 || 08*01 = 08
1000 | 10 | 0010 || 000010000 || 08*02 = 16
1000 | 10 | 0011 || 000011000 || 08*03 = 24
1000 | 10 | 0100 || 000100000 || 08*04 = 32
1000 | 10 | 0101 || 000101000 || 08*05 = 40
1000 | 10 | 0110 || 000110000 || 08*06 = 48
1000 | 10 | 0111 || 000111000 || 08*07 = 56
1000 | 10 | 1000 || 001000000 || 08*08 = 64
1000 | 10 | 1001 || 001001000 || 08*09 = 72
1000 | 10 | 1010 || 001010000 || 08*10 = 80
1000 | 10 | 1011 || 001011000 || 08*11 = 88
1000 | 10 | 1100 || 001100000 || 08*12 = 96
1000 | 10 | 1101 || 001101000 || 08*13 = 104
1000 | 10 | 1110 || 001110000 || 08*14 = 112
1000 | 10 | 1111 || 001111000 || 08*15 = 120
1001 | 10 | 0000 || 000000000 || 09*00 = 00
1001 | 10 | 0001 || 000001001 || 09*01 = 09
1001 | 10 | 0010 || 000010010 || 09*02 = 18
1001 | 10 | 0011 || 000011011 || 09*03 = 27
1001 | 10 | 0100 || 000100100 || 09*04 = 36
1001 | 10 | 0101 || 000101101 || 09*05 = 45
1001 | 10 | 0110 || 000110110 || 09*06 = 54
1001 | 10 | 0111 || 000111111 || 09*07 = 63
1001 | 10 | 1000 || 001001000 || 09*08 = 72
1001 | 10 | 1001 || 001010001 || 09*09 = 81
1001 | 10 | 1010 || 001011010 || 09*10 = 90
1001 | 10 | 1011 || 001100011 || 09*11 = 99
1001 | 10 | 1100 || 001101100 || 09*12 = 108
1001 | 10 | 1101 || 001110101 || 09*13 = 117
1001 | 10 | 1110 || 001111110 || 09*14 = 126
1001 | 10 | 1111 || 010000111 || 09*15 = 135
1010 | 10 | 0000 || 000000000 || 10*00 = 00
1010 | 10 | 0001 || 000001010 || 10*01 = 10
1010 | 10 | 0010 || 000010100 || 10*02 = 20
1010 | 10 | 0011 || 000011110 || 10*03 = 30
1010 | 10 | 0100 || 000101000 || 10*04 = 40
1010 | 10 | 0101 || 000110010 || 10*05 = 50
1010 | 10 | 0110 || 000111100 || 10*06 = 60
1010 | 10 | 0111 || 001000110 || 10*07 = 70
1010 | 10 | 1000 || 001010000 || 10*08 = 80
1010 | 10 | 1001 || 001011010 || 10*09 = 90
1010 | 10 | 1010 || 001100100 || 10*10 = 100
1010 | 10 | 1011 || 001101110 || 10*11 = 110
1010 | 10 | 1100 || 001111000 || 10*12 = 120
1010 | 10 | 1101 || 010000010 || 10*13 = 130
1010 | 10 | 1110 || 010001100 || 10*14 = 140
1010 | 10 | 1111 || 010010110 || 10*15 = 150
1011 | 10 | 0000 || 000000000 || 11*00 = 00
1011 | 10 | 0001 || 000001011 || 11*01 = 11
1011 | 10 | 0010 || 000010110 || 11*02 = 22
1011 | 10 | 0011 || 000100001 || 11*03 = 33
1011 | 10 | 0100 || 000101100 || 11*04 = 44
1011 | 10 | 0101 || 000110111 || 11*05 = 55
1011 | 10 | 0110 || 001000010 || 11*06 = 66
1011 | 10 | 0111 || 001001101 || 11*07 = 77
1011 | 10 | 1000 || 001011000 || 11*08 = 88
1011 | 10 | 1001 || 001100011 || 11*09 = 99
1011 | 10 | 1010 || 001101110 || 11*10 = 110
1011 | 10 | 1011 || 001111001 || 11*11 = 121
1011 | 10 | 1100 || 010000100 || 11*12 = 132
1011 | 10 | 1101 || 010001111 || 11*13 = 143
1011 | 10 | 1110 || 010011010 || 11*14 = 154
1011 | 10 | 1111 || 010100101 || 11*15 = 165
1100 | 10 | 0000 || 000000000 || 12*00 = 00
1100 | 10 | 0001 || 000001100 || 12*01 = 12
1100 | 10 | 0010 || 000011000 || 12*02 = 24
1100 | 10 | 0011 || 000100100 || 12*03 = 36
1100 | 10 | 0100 || 000110000 || 12*04 = 48
1100 | 10 | 0101 || 000111100 || 12*05 = 60
1100 | 10 | 0110 || 001001000 || 12*06 = 72
1100 | 10 | 0111 || 001010100 || 12*07 = 84
1100 | 10 | 1000 || 001100000 || 12*08 = 96
1100 | 10 | 1001 || 001101100 || 12*09 = 108
1100 | 10 | 1010 || 001111000 || 12*10 = 120
1100 | 10 | 1011 || 010000100 || 12*11 = 132
1100 | 10 | 1100 || 010010000 || 12*12 = 144
1100 | 10 | 1101 || 010011100 || 12*13 = 156
1100 | 10 | 1110 || 010101000 || 12*14 = 168
1100 | 10 | 1111 || 010110100 || 12*15 = 180
1101 | 10 | 0000 || 000000000 || 13*00 = 00
1101 | 10 | 0001 || 000001101 || 13*01 = 13
1101 | 10 | 0010 || 000011010 || 13*02 = 26
1101 | 10 | 0011 || 000100111 || 13*03 = 39
1101 | 10 | 0100 || 000110100 || 13*04 = 52
1101 | 10 | 0101 || 001000001 || 13*05 = 65
1101 | 10 | 0110 || 001001110 || 13*06 = 78
1101 | 10 | 0111 || 001011011 || 13*07 = 91
1101 | 10 | 1000 || 001101000 || 13*08 = 104
1101 | 10 | 1001 || 001110101 || 13*09 = 117
1101 | 10 | 1010 || 010000010 || 13*10 = 130
1101 | 10 | 1011 || 010001111 || 13*11 = 143
1101 | 10 | 1100 || 010011100 || 13*12 = 156
1101 | 10 | 1101 || 010101001 || 13*13 = 169
1101 | 10 | 1110 || 010110110 || 13*14 = 182
1101 | 10 | 1111 || 011000011 || 13*15 = 195
1110 | 10 | 0000 || 000000000 || 14*00 = 00
1110 | 10 | 0001 || 000001110 || 14*01 = 14
1110 | 10 | 0010 || 000011100 || 14*02 = 28
1110 | 10 | 0011 || 000101010 || 14*03 = 42
1110 | 10 | 0100 || 000111000 || 14*04 = 56
1110 | 10 | 0101 || 001000110 || 14*05 = 70
1110 | 10 | 0110 || 001010100 || 14*06 = 84
1110 | 10 | 0111 || 001100010 || 14*07 = 98
1110 | 10 | 1000 || 001110000 || 14*08 = 112
1110 | 10 | 1001 || 001111110 || 14*09 = 126
1110 | 10 | 1010 || 010001100 || 14*10 = 140
1110 | 10 | 1011 || 010011010 || 14*11 = 154
1110 | 10 | 1100 || 010101000 || 14*12 = 168
1110 | 10 | 1101 || 010110110 || 14*13 = 182
1110 | 10 | 1110 || 011000100 || 14*14 = 196
1110 | 10 | 1111 || 011010010 || 14*15 = 210
1111 | 10 | 0000 || 000000000 || 15*00 = 00
1111 | 10 | 0001 || 000001111 || 15*01 = 15
1111 | 10 | 0010 || 000011110 || 15*02 = 30
1111 | 10 | 0011 || 000101101 || 15*03 = 45
1111 | 10 | 0100 || 000111100 || 15*04 = 60
1111 | 10 | 0101 || 001001011 || 15*05 = 75
1111 | 10 | 0110 || 001011010 || 15*06 = 90
1111 | 10 | 0111 || 001101001 || 15*07 = 105
1111 | 10 | 1000 || 001111000 || 15*08 = 120
1111 | 10 | 1001 || 010000111 || 15*09 = 135
1111 | 10 | 1010 || 010010110 || 15*10 = 150
1111 | 10 | 1011 || 010100101 || 15*11 = 165
1111 | 10 | 1100 || 010110100 || 15*12 = 180
1111 | 10 | 1101 || 011000011 || 15*13 = 195
1111 | 10 | 1110 || 011010010 || 15*14 = 210
1111 | 10 | 1111 || 011100001 || 15*15 = 225
0000 | 11 | 0000 || 011111111 || 00/00 = XX
0000 | 11 | 0001 || 000000000 || 00/01 = 00
0000 | 11 | 0010 || 000000000 || 00/02 = 00
0000 | 11 | 0011 || 000000000 || 00/03 = 00
0000 | 11 | 0100 || 000000000 || 00/04 = 00
0000 | 11 | 0101 || 000000000 || 00/05 = 00
0000 | 11 | 0110 || 000000000 || 00/06 = 00
0000 | 11 | 0111 || 000000000 || 00/07 = 00
0000 | 11 | 1000 || 000000000 || 00/08 = 00
0000 | 11 | 1001 || 000000000 || 00/09 = 00
0000 | 11 | 1010 || 000000000 || 00/10 = 00
0000 | 11 | 1011 || 000000000 || 00/11 = 00
0000 | 11 | 1100 || 000000000 || 00/12 = 00
0000 | 11 | 1101 || 000000000 || 00/13 = 00
0000 | 11 | 1110 || 000000000 || 00/14 = 00
0000 | 11 | 1111 || 000000000 || 00/15 = 00
0001 | 11 | 0000 || 011111111 || 01/00 = XX
0001 | 11 | 0001 || 000000001 || 01/01 = 01
0001 | 11 | 0010 || 000000000 || 01/02 = 00
0001 | 11 | 0011 || 000000000 || 01/03 = 00
0001 | 11 | 0100 || 000000000 || 01/04 = 00
0001 | 11 | 0101 || 000000000 || 01/05 = 00
0001 | 11 | 0110 || 000000000 || 01/06 = 00
0001 | 11 | 0111 || 000000000 || 01/07 = 00
0001 | 11 | 1000 || 000000000 || 01/08 = 00
0001 | 11 | 1001 || 000000000 || 01/09 = 00
0001 | 11 | 1010 || 000000000 || 01/10 = 00
0001 | 11 | 1011 || 000000000 || 01/11 = 00
0001 | 11 | 1100 || 000000000 || 01/12 = 00
0001 | 11 | 1101 || 000000000 || 01/13 = 00
0001 | 11 | 1110 || 000000000 || 01/14 = 00
0001 | 11 | 1111 || 000000000 || 01/15 = 00
0010 | 11 | 0000 || 011111111 || 02/00 = XX
0010 | 11 | 0001 || 000000010 || 02/01 = 02
0010 | 11 | 0010 || 000000001 || 02/02 = 01
0010 | 11 | 0011 || 000000000 || 02/03 = 00
0010 | 11 | 0100 || 000000000 || 02/04 = 00
0010 | 11 | 0101 || 000000000 || 02/05 = 00
0010 | 11 | 0110 || 000000000 || 02/06 = 00
0010 | 11 | 0111 || 000000000 || 02/07 = 00
0010 | 11 | 1000 || 000000000 || 02/08 = 00
0010 | 11 | 1001 || 000000000 || 02/09 = 00
0010 | 11 | 1010 || 000000000 || 02/10 = 00
0010 | 11 | 1011 || 000000000 || 02/11 = 00
0010 | 11 | 1100 || 000000000 || 02/12 = 00
0010 | 11 | 1101 || 000000000 || 02/13 = 00
0010 | 11 | 1110 || 000000000 || 02/14 = 00
0010 | 11 | 1111 || 000000000 || 02/15 = 00
0011 | 11 | 0000 || 011111111 || 03/00 = XX
0011 | 11 | 0001 || 000000011 || 03/01 = 03
0011 | 11 | 0010 || 000000001 || 03/02 = 01
0011 | 11 | 0011 || 000000001 || 03/03 = 01
0011 | 11 | 0100 || 000000000 || 03/04 = 00
0011 | 11 | 0101 || 000000000 || 03/05 = 00
0011 | 11 | 0110 || 000000000 || 03/06 = 00
0011 | 11 | 0111 || 000000000 || 03/07 = 00
0011 | 11 | 1000 || 000000000 || 03/08 = 00
0011 | 11 | 1001 || 000000000 || 03/09 = 00
0011 | 11 | 1010 || 000000000 || 03/10 = 00
0011 | 11 | 1011 || 000000000 || 03/11 = 00
0011 | 11 | 1100 || 000000000 || 03/12 = 00
0011 | 11 | 1101 || 000000000 || 03/13 = 00
0011 | 11 | 1110 || 000000000 || 03/14 = 00
0011 | 11 | 1111 || 000000000 || 03/15 = 00
0100 | 11 | 0000 || 011111111 || 04/00 = XX
0100 | 11 | 0001 || 000000100 || 04/01 = 04
0100 | 11 | 0010 || 000000010 || 04/02 = 02
0100 | 11 | 0011 || 000000001 || 04/03 = 01
0100 | 11 | 0100 || 000000001 || 04/04 = 01
0100 | 11 | 0101 || 000000000 || 04/05 = 00
0100 | 11 | 0110 || 000000000 || 04/06 = 00
0100 | 11 | 0111 || 000000000 || 04/07 = 00
0100 | 11 | 1000 || 000000000 || 04/08 = 00
0100 | 11 | 1001 || 000000000 || 04/09 = 00
0100 | 11 | 1010 || 000000000 || 04/10 = 00
0100 | 11 | 1011 || 000000000 || 04/11 = 00
0100 | 11 | 1100 || 000000000 || 04/12 = 00
0100 | 11 | 1101 || 000000000 || 04/13 = 00
0100 | 11 | 1110 || 000000000 || 04/14 = 00
0100 | 11 | 1111 || 000000000 || 04/15 = 00
0101 | 11 | 0000 || 011111111 || 05/00 = XX
0101 | 11 | 0001 || 000000101 || 05/01 = 05
0101 | 11 | 0010 || 000000010 || 05/02 = 02
0101 | 11 | 0011 || 000000001 || 05/03 = 01
0101 | 11 | 0100 || 000000001 || 05/04 = 01
0101 | 11 | 0101 || 000000001 || 05/05 = 01
0101 | 11 | 0110 || 000000000 || 05/06 = 00
0101 | 11 | 0111 || 000000000 || 05/07 = 00
0101 | 11 | 1000 || 000000000 || 05/08 = 00
0101 | 11 | 1001 || 000000000 || 05/09 = 00
0101 | 11 | 1010 || 000000000 || 05/10 = 00
0101 | 11 | 1011 || 000000000 || 05/11 = 00
0101 | 11 | 1100 || 000000000 || 05/12 = 00
0101 | 11 | 1101 || 000000000 || 05/13 = 00
0101 | 11 | 1110 || 000000000 || 05/14 = 00
0101 | 11 | 1111 || 000000000 || 05/15 = 00
0110 | 11 | 0000 || 011111111 || 06/00 = XX
0110 | 11 | 0001 || 000000110 || 06/01 = 06
0110 | 11 | 0010 || 000000011 || 06/02 = 03
0110 | 11 | 0011 || 000000010 || 06/03 = 02
0110 | 11 | 0100 || 000000001 || 06/04 = 01
0110 | 11 | 0101 || 000000001 || 06/05 = 01
0110 | 11 | 0110 || 000000001 || 06/06 = 01
0110 | 11 | 0111 || 000000000 || 06/07 = 00
0110 | 11 | 1000 || 000000000 || 06/08 = 00
0110 | 11 | 1001 || 000000000 || 06/09 = 00
0110 | 11 | 1010 || 000000000 || 06/10 = 00
0110 | 11 | 1011 || 000000000 || 06/11 = 00
0110 | 11 | 1100 || 000000000 || 06/12 = 00
0110 | 11 | 1101 || 000000000 || 06/13 = 00
0110 | 11 | 1110 || 000000000 || 06/14 = 00
0110 | 11 | 1111 || 000000000 || 06/15 = 00
0111 | 11 | 0000 || 011111111 || 07/00 = XX
0111 | 11 | 0001 || 000000111 || 07/01 = 07
0111 | 11 | 0010 || 000000011 || 07/02 = 03
0111 | 11 | 0011 || 000000010 || 07/03 = 02
0111 | 11 | 0100 || 000000001 || 07/04 = 01
0111 | 11 | 0101 || 000000001 || 07/05 = 01
0111 | 11 | 0110 || 000000001 || 07/06 = 01
0111 | 11 | 0111 || 000000001 || 07/07 = 01
0111 | 11 | 1000 || 000000000 || 07/08 = 00
0111 | 11 | 1001 || 000000000 || 07/09 = 00
0111 | 11 | 1010 || 000000000 || 07/10 = 00
0111 | 11 | 1011 || 000000000 || 07/11 = 00
0111 | 11 | 1100 || 000000000 || 07/12 = 00
0111 | 11 | 1101 || 000000000 || 07/13 = 00
0111 | 11 | 1110 || 000000000 || 07/14 = 00
0111 | 11 | 1111 || 000000000 || 07/15 = 00
1000 | 11 | 0000 || 011111111 || 08/00 = XX
1000 | 11 | 0001 || 000001000 || 08/01 = 08
1000 | 11 | 0010 || 000000100 || 08/02 = 04
1000 | 11 | 0011 || 000000010 || 08/03 = 02
1000 | 11 | 0100 || 000000010 || 08/04 = 02
1000 | 11 | 0101 || 000000001 || 08/05 = 01
1000 | 11 | 0110 || 000000001 || 08/06 = 01
1000 | 11 | 0111 || 000000001 || 08/07 = 01
1000 | 11 | 1000 || 000000001 || 08/08 = 01
1000 | 11 | 1001 || 000000000 || 08/09 = 00
1000 | 11 | 1010 || 000000000 || 08/10 = 00
1000 | 11 | 1011 || 000000000 || 08/11 = 00
1000 | 11 | 1100 || 000000000 || 08/12 = 00
1000 | 11 | 1101 || 000000000 || 08/13 = 00
1000 | 11 | 1110 || 000000000 || 08/14 = 00
1000 | 11 | 1111 || 000000000 || 08/15 = 00
1001 | 11 | 0000 || 011111111 || 09/00 = XX
1001 | 11 | 0001 || 000001001 || 09/01 = 09
1001 | 11 | 0010 || 000000100 || 09/02 = 04
1001 | 11 | 0011 || 000000011 || 09/03 = 03
1001 | 11 | 0100 || 000000010 || 09/04 = 02
1001 | 11 | 0101 || 000000001 || 09/05 = 01
1001 | 11 | 0110 || 000000001 || 09/06 = 01
1001 | 11 | 0111 || 000000001 || 09/07 = 01
1001 | 11 | 1000 || 000000001 || 09/08 = 01
1001 | 11 | 1001 || 000000001 || 09/09 = 01
1001 | 11 | 1010 || 000000000 || 09/10 = 00
1001 | 11 | 1011 || 000000000 || 09/11 = 00
1001 | 11 | 1100 || 000000000 || 09/12 = 00
1001 | 11 | 1101 || 000000000 || 09/13 = 00
1001 | 11 | 1110 || 000000000 || 09/14 = 00
1001 | 11 | 1111 || 000000000 || 09/15 = 00
1010 | 11 | 0000 || 011111111 || 10/00 = XX
1010 | 11 | 0001 || 000001010 || 10/01 = 010
1010 | 11 | 0010 || 000000101 || 10/02 = 05
1010 | 11 | 0011 || 000000011 || 10/03 = 03
1010 | 11 | 0100 || 000000010 || 10/04 = 02
1010 | 11 | 0101 || 000000010 || 10/05 = 02
1010 | 11 | 0110 || 000000001 || 10/06 = 01
1010 | 11 | 0111 || 000000001 || 10/07 = 01
1010 | 11 | 1000 || 000000001 || 10/08 = 01
1010 | 11 | 1001 || 000000001 || 10/09 = 01
1010 | 11 | 1010 || 000000001 || 10/10 = 01
1010 | 11 | 1011 || 000000000 || 10/11 = 00
1010 | 11 | 1100 || 000000000 || 10/12 = 00
1010 | 11 | 1101 || 000000000 || 10/13 = 00
1010 | 11 | 1110 || 000000000 || 10/14 = 00
1010 | 11 | 1111 || 000000000 || 10/15 = 00
1011 | 11 | 0000 || 011111111 || 11/00 = XX
1011 | 11 | 0001 || 000001011 || 11/01 = 011
1011 | 11 | 0010 || 000000101 || 11/02 = 05
1011 | 11 | 0011 || 000000011 || 11/03 = 03
1011 | 11 | 0100 || 000000010 || 11/04 = 02
1011 | 11 | 0101 || 000000010 || 11/05 = 02
1011 | 11 | 0110 || 000000001 || 11/06 = 01
1011 | 11 | 0111 || 000000001 || 11/07 = 01
1011 | 11 | 1000 || 000000001 || 11/08 = 01
1011 | 11 | 1001 || 000000001 || 11/09 = 01
1011 | 11 | 1010 || 000000001 || 11/10 = 01
1011 | 11 | 1011 || 000000001 || 11/11 = 01
1011 | 11 | 1100 || 000000000 || 11/12 = 00
1011 | 11 | 1101 || 000000000 || 11/13 = 00
1011 | 11 | 1110 || 000000000 || 11/14 = 00
1011 | 11 | 1111 || 000000000 || 11/15 = 00
1100 | 11 | 0000 || 011111111 || 12/00 = XX
1100 | 11 | 0001 || 000001100 || 12/01 = 012
1100 | 11 | 0010 || 000000110 || 12/02 = 06
1100 | 11 | 0011 || 000000100 || 12/03 = 04
1100 | 11 | 0100 || 000000011 || 12/04 = 03
1100 | 11 | 0101 || 000000010 || 12/05 = 02
1100 | 11 | 0110 || 000000010 || 12/06 = 02
1100 | 11 | 0111 || 000000001 || 12/07 = 01
1100 | 11 | 1000 || 000000001 || 12/08 = 01
1100 | 11 | 1001 || 000000001 || 12/09 = 01
1100 | 11 | 1010 || 000000001 || 12/10 = 01
1100 | 11 | 1011 || 000000001 || 12/11 = 01
1100 | 11 | 1100 || 000000001 || 12/12 = 01
1100 | 11 | 1101 || 000000000 || 12/13 = 00
1100 | 11 | 1110 || 000000000 || 12/14 = 00
1100 | 11 | 1111 || 000000000 || 12/15 = 00
1101 | 11 | 0000 || 011111111 || 13/00 = XX
1101 | 11 | 0001 || 000001101 || 13/01 = 013
1101 | 11 | 0010 || 000000110 || 13/02 = 06
1101 | 11 | 0011 || 000000100 || 13/03 = 04
1101 | 11 | 0100 || 000000011 || 13/04 = 03
1101 | 11 | 0101 || 000000010 || 13/05 = 02
1101 | 11 | 0110 || 000000010 || 13/06 = 02
1101 | 11 | 0111 || 000000001 || 13/07 = 01
1101 | 11 | 1000 || 000000001 || 13/08 = 01
1101 | 11 | 1001 || 000000001 || 13/09 = 01
1101 | 11 | 1010 || 000000001 || 13/10 = 01
1101 | 11 | 1011 || 000000001 || 13/11 = 01
1101 | 11 | 1100 || 000000001 || 13/12 = 01
1101 | 11 | 1101 || 000000001 || 13/13 = 01
1101 | 11 | 1110 || 000000000 || 13/14 = 00
1101 | 11 | 1111 || 000000000 || 13/15 = 00
1110 | 11 | 0000 || 011111111 || 14/00 = XX
1110 | 11 | 0001 || 000001110 || 14/01 = 014
1110 | 11 | 0010 || 000000111 || 14/02 = 07
1110 | 11 | 0011 || 000000100 || 14/03 = 04
1110 | 11 | 0100 || 000000011 || 14/04 = 03
1110 | 11 | 0101 || 000000010 || 14/05 = 02
1110 | 11 | 0110 || 000000010 || 14/06 = 02
1110 | 11 | 0111 || 000000010 || 14/07 = 02
1110 | 11 | 1000 || 000000001 || 14/08 = 01
1110 | 11 | 1001 || 000000001 || 14/09 = 01
1110 | 11 | 1010 || 000000001 || 14/10 = 01
1110 | 11 | 1011 || 000000001 || 14/11 = 01
1110 | 11 | 1100 || 000000001 || 14/12 = 01
1110 | 11 | 1101 || 000000001 || 14/13 = 01
1110 | 11 | 1110 || 000000001 || 14/14 = 01
1110 | 11 | 1111 || 000000000 || 14/15 = 00
1111 | 11 | 0000 || 011111111 || 15/00 = XX
1111 | 11 | 0001 || 000001111 || 15/01 = 015
1111 | 11 | 0010 || 000000111 || 15/02 = 07
1111 | 11 | 0011 || 000000101 || 15/03 = 05
1111 | 11 | 0100 || 000000011 || 15/04 = 03
1111 | 11 | 0101 || 000000011 || 15/05 = 03
1111 | 11 | 0110 || 000000010 || 15/06 = 02
1111 | 11 | 0111 || 000000010 || 15/07 = 02
1111 | 11 | 1000 || 000000001 || 15/08 = 01
1111 | 11 | 1001 || 000000001 || 15/09 = 01
1111 | 11 | 1010 || 000000001 || 15/10 = 01
1111 | 11 | 1011 || 000000001 || 15/11 = 01
1111 | 11 | 1100 || 000000001 || 15/12 = 01
1111 | 11 | 1101 || 000000001 || 15/13 = 01
1111 | 11 | 1110 || 000000001 || 15/14 = 01
1111 | 11 | 1111 || 000000001 || 15/15 = 01
