     |abcd | efgh || p ||
     |-----|------||---||
0001) 0000 | 0000 || 1 ||
0002) 0001 | 0000 || 0 ||
0003) 0010 | 0000 || 0 ||
0004) 0011 | 0000 || 0 ||
0005) 0100 | 0000 || 0 ||
0006) 0101 | 0000 || 0 ||
0007) 0110 | 0000 || 0 ||
0008) 0111 | 0000 || 0 ||
0009) 1000 | 0000 || 0 ||
0010) 1001 | 0000 || 0 ||
0011) 1010 | 0000 || 0 ||
0012) 1011 | 0000 || 0 ||
0013) 1100 | 0000 || 0 ||
0014) 1101 | 0000 || 0 ||
0015) 1110 | 0000 || 0 ||
0016) 1111 | 0000 || 0 ||
0017) 0000 | 0001 || 1 ||
0018) 0001 | 0001 || 1 ||
0019) 0010 | 0001 || 0 ||
0020) 0011 | 0001 || 0 ||
0021) 0100 | 0001 || 0 ||
0022) 0101 | 0001 || 0 ||
0023) 0110 | 0001 || 0 ||
0024) 0111 | 0001 || 0 ||
0025) 1000 | 0001 || 0 ||
0026) 1001 | 0001 || 0 ||
0027) 1010 | 0001 || 0 ||
0028) 1011 | 0001 || 0 ||
0029) 1100 | 0001 || 0 ||
0030) 1101 | 0001 || 0 ||
0031) 1110 | 0001 || 0 ||
0032) 1111 | 0001 || 0 ||
0033) 0000 | 0010 || 1 ||
0034) 0001 | 0010 || 1 ||
0035) 0010 | 0010 || 1 ||
0036) 0011 | 0010 || 0 ||
0037) 0100 | 0010 || 0 ||
0038) 0101 | 0010 || 0 ||
0039) 0110 | 0010 || 0 ||
0040) 0111 | 0010 || 0 ||
0041) 1000 | 0010 || 0 ||
0042) 1001 | 0010 || 0 ||
0043) 1010 | 0010 || 0 ||
0044) 1011 | 0010 || 0 ||
0045) 1100 | 0010 || 0 ||
0046) 1101 | 0010 || 0 ||
0047) 1110 | 0010 || 0 ||
0048) 1111 | 0010 || 0 ||
0049) 0000 | 0011 || 1 ||
0050) 0001 | 0011 || 1 ||
0051) 0010 | 0011 || 1 ||
0052) 0011 | 0011 || 1 ||
0053) 0100 | 0011 || 0 ||
0054) 0101 | 0011 || 0 ||
0055) 0110 | 0011 || 0 ||
0056) 0111 | 0011 || 0 ||
0057) 1000 | 0011 || 0 ||
0058) 1001 | 0011 || 0 ||
0059) 1010 | 0011 || 0 ||
0060) 1011 | 0011 || 0 ||
0061) 1100 | 0011 || 0 ||
0062) 1101 | 0011 || 0 ||
0063) 1110 | 0011 || 0 ||
0064) 1111 | 0011 || 0 ||
0065) 0000 | 0100 || 1 ||
0066) 0001 | 0100 || 1 ||
0067) 0010 | 0100 || 1 ||
0068) 0011 | 0100 || 1 ||
0069) 0100 | 0100 || 1 ||
0070) 0101 | 0100 || 0 ||
0071) 0110 | 0100 || 0 ||
0072) 0111 | 0100 || 0 ||
0073) 1000 | 0100 || 0 ||
0074) 1001 | 0100 || 0 ||
0075) 1010 | 0100 || 0 ||
0076) 1011 | 0100 || 0 ||
0077) 1100 | 0100 || 0 ||
0078) 1101 | 0100 || 0 ||
0079) 1110 | 0100 || 0 ||
0080) 1111 | 0100 || 0 ||
0081) 0000 | 0101 || 1 ||
0082) 0001 | 0101 || 1 ||
0083) 0010 | 0101 || 1 ||
0084) 0011 | 0101 || 1 ||
0085) 0100 | 0101 || 1 ||
0086) 0101 | 0101 || 1 ||
0087) 0110 | 0101 || 0 ||
0088) 0111 | 0101 || 0 ||
0089) 1000 | 0101 || 0 ||
0090) 1001 | 0101 || 0 ||
0091) 1010 | 0101 || 0 ||
0092) 1011 | 0101 || 0 ||
0093) 1100 | 0101 || 0 ||
0094) 1101 | 0101 || 0 ||
0095) 1110 | 0101 || 0 ||
0096) 1111 | 0101 || 0 ||
0097) 0000 | 0110 || 1 ||
0098) 0001 | 0110 || 1 ||
0099) 0010 | 0110 || 1 ||
0100) 0011 | 0110 || 1 ||
0101) 0100 | 0110 || 1 ||
0102) 0101 | 0110 || 1 ||
0103) 0110 | 0110 || 1 ||
0104) 0111 | 0110 || 0 ||
0105) 1000 | 0110 || 0 ||
0106) 1001 | 0110 || 0 ||
0107) 1010 | 0110 || 0 ||
0108) 1011 | 0110 || 0 ||
0109) 1100 | 0110 || 0 ||
0110) 1101 | 0110 || 0 ||
0111) 1110 | 0110 || 0 ||
0112) 1111 | 0110 || 0 ||
0113) 0000 | 0111 || 1 ||
0114) 0001 | 0111 || 1 ||
0115) 0010 | 0111 || 1 ||
0116) 0011 | 0111 || 1 ||
0117) 0100 | 0111 || 1 ||
0118) 0101 | 0111 || 1 ||
0119) 0110 | 0111 || 1 ||
0120) 0111 | 0111 || 1 ||
0121) 1000 | 0111 || 0 ||
0122) 1001 | 0111 || 0 ||
0123) 1010 | 0111 || 0 ||
0124) 1011 | 0111 || 0 ||
0125) 1100 | 0111 || 0 ||
0126) 1101 | 0111 || 0 ||
0127) 1110 | 0111 || 0 ||
0128) 1111 | 0111 || 0 ||
0129) 0000 | 1000 || 1 ||
0130) 0001 | 1000 || 1 ||
0131) 0010 | 1000 || 1 ||
0132) 0011 | 1000 || 1 ||
0133) 0100 | 1000 || 1 ||
0134) 0101 | 1000 || 1 ||
0135) 0110 | 1000 || 1 ||
0136) 0111 | 1000 || 1 ||
0137) 1000 | 1000 || 1 ||
0138) 1001 | 1000 || 0 ||
0139) 1010 | 1000 || 0 ||
0140) 1011 | 1000 || 0 ||
0141) 1100 | 1000 || 0 ||
0142) 1101 | 1000 || 0 ||
0143) 1110 | 1000 || 0 ||
0144) 1111 | 1000 || 0 ||
0145) 0000 | 1001 || 1 ||
0146) 0001 | 1001 || 1 ||
0147) 0010 | 1001 || 1 ||
0148) 0011 | 1001 || 1 ||
0149) 0100 | 1001 || 1 ||
0150) 0101 | 1001 || 1 ||
0151) 0110 | 1001 || 1 ||
0152) 0111 | 1001 || 1 ||
0153) 1000 | 1001 || 1 ||
0154) 1001 | 1001 || 1 ||
0155) 1010 | 1001 || 0 ||
0156) 1011 | 1001 || 0 ||
0157) 1100 | 1001 || 0 ||
0158) 1101 | 1001 || 0 ||
0159) 1110 | 1001 || 0 ||
0160) 1111 | 1001 || 0 ||
0161) 0000 | 1010 || 1 ||
0162) 0001 | 1010 || 1 ||
0163) 0010 | 1010 || 1 ||
0164) 0011 | 1010 || 1 ||
0165) 0100 | 1010 || 1 ||
0166) 0101 | 1010 || 1 ||
0167) 0110 | 1010 || 1 ||
0168) 0111 | 1010 || 1 ||
0169) 1000 | 1010 || 1 ||
0170) 1001 | 1010 || 1 ||
0171) 1010 | 1010 || 1 ||
0172) 1011 | 1010 || 0 ||
0173) 1100 | 1010 || 0 ||
0174) 1101 | 1010 || 0 ||
0175) 1110 | 1010 || 0 ||
0176) 1111 | 1010 || 0 ||
0177) 0000 | 1011 || 1 ||
0178) 0001 | 1011 || 1 ||
0179) 0010 | 1011 || 1 ||
0180) 0011 | 1011 || 1 ||
0181) 0100 | 1011 || 1 ||
0182) 0101 | 1011 || 1 ||
0183) 0110 | 1011 || 1 ||
0184) 0111 | 1011 || 1 ||
0185) 1000 | 1011 || 1 ||
0186) 1001 | 1011 || 1 ||
0187) 1010 | 1011 || 1 ||
0188) 1011 | 1011 || 1 ||
0189) 1100 | 1011 || 0 ||
0190) 1101 | 1011 || 0 ||
0191) 1110 | 1011 || 0 ||
0192) 1111 | 1011 || 0 ||
0193) 0000 | 1100 || 1 ||
0194) 0001 | 1100 || 1 ||
0195) 0010 | 1100 || 1 ||
0196) 0011 | 1100 || 1 ||
0197) 0100 | 1100 || 1 ||
0198) 0101 | 1100 || 1 ||
0199) 0110 | 1100 || 1 ||
0200) 0111 | 1100 || 1 ||
0201) 1000 | 1100 || 1 ||
0202) 1001 | 1100 || 1 ||
0203) 1010 | 1100 || 1 ||
0204) 1011 | 1100 || 1 ||
0205) 1100 | 1100 || 1 ||
0206) 1101 | 1100 || 0 ||
0207) 1110 | 1100 || 0 ||
0208) 1111 | 1100 || 0 ||
0209) 0000 | 1101 || 1 ||
0210) 0001 | 1101 || 1 ||
0211) 0010 | 1101 || 1 ||
0212) 0011 | 1101 || 1 ||
0213) 0100 | 1101 || 1 ||
0214) 0101 | 1101 || 1 ||
0215) 0110 | 1101 || 1 ||
0216) 0111 | 1101 || 1 ||
0217) 1000 | 1101 || 1 ||
0218) 1001 | 1101 || 1 ||
0219) 1010 | 1101 || 1 ||
0220) 1011 | 1101 || 1 ||
0221) 1100 | 1101 || 1 ||
0222) 1101 | 1101 || 1 ||
0223) 1110 | 1101 || 0 ||
0224) 1111 | 1101 || 0 ||
0225) 0000 | 1110 || 1 ||
0226) 0001 | 1110 || 1 ||
0227) 0010 | 1110 || 1 ||
0228) 0011 | 1110 || 1 ||
0229) 0100 | 1110 || 1 ||
0230) 0101 | 1110 || 1 ||
0231) 0110 | 1110 || 1 ||
0232) 0111 | 1110 || 1 ||
0233) 1000 | 1110 || 1 ||
0234) 1001 | 1110 || 1 ||
0235) 1010 | 1110 || 1 ||
0236) 1011 | 1110 || 1 ||
0237) 1100 | 1110 || 1 ||
0238) 1101 | 1110 || 1 ||
0239) 1110 | 1110 || 1 ||
0240) 1111 | 1110 || 0 ||
0241) 0000 | 1111 || 1 ||
0242) 0001 | 1111 || 1 ||
0243) 0010 | 1111 || 1 ||
0244) 0011 | 1111 || 1 ||
0245) 0100 | 1111 || 1 ||
0246) 0101 | 1111 || 1 ||
0247) 0110 | 1111 || 1 ||
0248) 0111 | 1111 || 1 ||
0249) 1000 | 1111 || 1 ||
0250) 1001 | 1111 || 1 ||
0251) 1010 | 1111 || 1 ||
0252) 1011 | 1111 || 1 ||
0253) 1100 | 1111 || 1 ||
0254) 1101 | 1111 || 1 ||
0255) 1110 | 1111 || 1 ||
0256) 1111 | 1111 || 1 ||
