     |abcd | ef | ghij || klmnopqrs ||
     |-----|----|------||-----------||
0001) 0000 | 00 | 0000 || 000000000 || 00+00 = 00
0002) 0000 | 00 | 0001 || 000000001 || 00+01 = 01
0003) 0000 | 00 | 0010 || 000000010 || 00+02 = 02
0004) 0000 | 00 | 0011 || 000000011 || 00+03 = 03
0005) 0000 | 00 | 0100 || 000000100 || 00+04 = 04
0006) 0000 | 00 | 0101 || 000000101 || 00+05 = 05
0007) 0000 | 00 | 0110 || 000000110 || 00+06 = 06
0008) 0000 | 00 | 0111 || 000000111 || 00+07 = 07
0009) 0000 | 00 | 1000 || 000001000 || 00+08 = 08
0010) 0000 | 00 | 1001 || 000001001 || 00+09 = 09
0011) 0000 | 00 | 1010 || 000001010 || 00+10 = 10
0012) 0000 | 00 | 1011 || 000001011 || 00+11 = 11
0013) 0000 | 00 | 1100 || 000001100 || 00+12 = 12
0014) 0000 | 00 | 1101 || 000001101 || 00+13 = 13
0015) 0000 | 00 | 1110 || 000001110 || 00+14 = 14
0016) 0000 | 00 | 1111 || 000001111 || 00+15 = 15
0017) 0001 | 00 | 0000 || 000000001 || 01+00 = 01
0018) 0001 | 00 | 0001 || 000000010 || 01+01 = 02
0019) 0001 | 00 | 0010 || 000000011 || 01+02 = 03
0020) 0001 | 00 | 0011 || 000000100 || 01+03 = 04
0021) 0001 | 00 | 0100 || 000000101 || 01+04 = 05
0022) 0001 | 00 | 0101 || 000000110 || 01+05 = 06
0023) 0001 | 00 | 0110 || 000000111 || 01+06 = 07
0024) 0001 | 00 | 0111 || 000001000 || 01+07 = 08
0025) 0001 | 00 | 1000 || 000001001 || 01+08 = 09
0026) 0001 | 00 | 1001 || 000001010 || 01+09 = 10
0027) 0001 | 00 | 1010 || 000001011 || 01+10 = 11
0028) 0001 | 00 | 1011 || 000001100 || 01+11 = 12
0029) 0001 | 00 | 1100 || 000001101 || 01+12 = 13
0030) 0001 | 00 | 1101 || 000001110 || 01+13 = 14
0031) 0001 | 00 | 1110 || 000001111 || 01+14 = 15
0032) 0001 | 00 | 1111 || 000010000 || 01+15 = 16
0033) 0010 | 00 | 0000 || 000000010 || 02+00 = 02
0034) 0010 | 00 | 0001 || 000000011 || 02+01 = 03
0035) 0010 | 00 | 0010 || 000000100 || 02+02 = 04
0036) 0010 | 00 | 0011 || 000000101 || 02+03 = 05
0037) 0010 | 00 | 0100 || 000000110 || 02+04 = 06
0038) 0010 | 00 | 0101 || 000000111 || 02+05 = 07
0039) 0010 | 00 | 0110 || 000001000 || 02+06 = 08
0040) 0010 | 00 | 0111 || 000001001 || 02+07 = 09
0041) 0010 | 00 | 1000 || 000001010 || 02+08 = 10
0042) 0010 | 00 | 1001 || 000001011 || 02+09 = 11
0043) 0010 | 00 | 1010 || 000001100 || 02+10 = 12
0044) 0010 | 00 | 1011 || 000001101 || 02+11 = 13
0045) 0010 | 00 | 1100 || 000001110 || 02+12 = 14
0046) 0010 | 00 | 1101 || 000001111 || 02+13 = 15
0047) 0010 | 00 | 1110 || 000010000 || 02+14 = 16
0048) 0010 | 00 | 1111 || 000010001 || 02+15 = 17
0049) 0011 | 00 | 0000 || 000000011 || 03+00 = 03
0050) 0011 | 00 | 0001 || 000000100 || 03+01 = 04
0051) 0011 | 00 | 0010 || 000000101 || 03+02 = 05
0052) 0011 | 00 | 0011 || 000000110 || 03+03 = 06
0053) 0011 | 00 | 0100 || 000000111 || 03+04 = 07
0054) 0011 | 00 | 0101 || 000001000 || 03+05 = 08
0055) 0011 | 00 | 0110 || 000001001 || 03+06 = 09
0056) 0011 | 00 | 0111 || 000001010 || 03+07 = 10
0057) 0011 | 00 | 1000 || 000001011 || 03+08 = 11
0058) 0011 | 00 | 1001 || 000001100 || 03+09 = 12
0059) 0011 | 00 | 1010 || 000001101 || 03+10 = 13
0060) 0011 | 00 | 1011 || 000001110 || 03+11 = 14
0061) 0011 | 00 | 1100 || 000001111 || 03+12 = 15
0062) 0011 | 00 | 1101 || 000010000 || 03+13 = 16
0063) 0011 | 00 | 1110 || 000010001 || 03+14 = 17
0064) 0011 | 00 | 1111 || 000010010 || 03+15 = 18
0065) 0100 | 00 | 0000 || 000000100 || 04+00 = 04
0066) 0100 | 00 | 0001 || 000000101 || 04+01 = 05
0067) 0100 | 00 | 0010 || 000000110 || 04+02 = 06
0068) 0100 | 00 | 0011 || 000000111 || 04+03 = 07
0069) 0100 | 00 | 0100 || 000001000 || 04+04 = 08
0070) 0100 | 00 | 0101 || 000001001 || 04+05 = 09
0071) 0100 | 00 | 0110 || 000001010 || 04+06 = 10
0072) 0100 | 00 | 0111 || 000001011 || 04+07 = 11
0073) 0100 | 00 | 1000 || 000001100 || 04+08 = 12
0074) 0100 | 00 | 1001 || 000001101 || 04+09 = 13
0075) 0100 | 00 | 1010 || 000001110 || 04+10 = 14
0076) 0100 | 00 | 1011 || 000001111 || 04+11 = 15
0077) 0100 | 00 | 1100 || 000010000 || 04+12 = 16
0078) 0100 | 00 | 1101 || 000010001 || 04+13 = 17
0079) 0100 | 00 | 1110 || 000010010 || 04+14 = 18
0080) 0100 | 00 | 1111 || 000010011 || 04+15 = 19
0081) 0101 | 00 | 0000 || 000000101 || 05+00 = 05
0082) 0101 | 00 | 0001 || 000000110 || 05+01 = 06
0083) 0101 | 00 | 0010 || 000000111 || 05+02 = 07
0084) 0101 | 00 | 0011 || 000001000 || 05+03 = 08
0085) 0101 | 00 | 0100 || 000001001 || 05+04 = 09
0086) 0101 | 00 | 0101 || 000001010 || 05+05 = 10
0087) 0101 | 00 | 0110 || 000001011 || 05+06 = 11
0088) 0101 | 00 | 0111 || 000001100 || 05+07 = 12
0089) 0101 | 00 | 1000 || 000001101 || 05+08 = 13
0090) 0101 | 00 | 1001 || 000001110 || 05+09 = 14
0091) 0101 | 00 | 1010 || 000001111 || 05+10 = 15
0092) 0101 | 00 | 1011 || 000010000 || 05+11 = 16
0093) 0101 | 00 | 1100 || 000010001 || 05+12 = 17
0094) 0101 | 00 | 1101 || 000010010 || 05+13 = 18
0095) 0101 | 00 | 1110 || 000010011 || 05+14 = 19
0096) 0101 | 00 | 1111 || 000010100 || 05+15 = 20
0097) 0110 | 00 | 0000 || 000000110 || 06+00 = 06
0098) 0110 | 00 | 0001 || 000000111 || 06+01 = 07
0099) 0110 | 00 | 0010 || 000001000 || 06+02 = 08
0100) 0110 | 00 | 0011 || 000001001 || 06+03 = 09
0101) 0110 | 00 | 0100 || 000001010 || 06+04 = 10
0102) 0110 | 00 | 0101 || 000001011 || 06+05 = 11
0103) 0110 | 00 | 0110 || 000001100 || 06+06 = 12
0104) 0110 | 00 | 0111 || 000001101 || 06+07 = 13
0105) 0110 | 00 | 1000 || 000001110 || 06+08 = 14
0106) 0110 | 00 | 1001 || 000001111 || 06+09 = 15
0107) 0110 | 00 | 1010 || 000010000 || 06+10 = 16
0108) 0110 | 00 | 1011 || 000010001 || 06+11 = 17
0109) 0110 | 00 | 1100 || 000010010 || 06+12 = 18
0110) 0110 | 00 | 1101 || 000010011 || 06+13 = 19
0111) 0110 | 00 | 1110 || 000010100 || 06+14 = 20
0112) 0110 | 00 | 1111 || 000010101 || 06+15 = 21
0113) 0111 | 00 | 0000 || 000000111 || 07+00 = 07
0114) 0111 | 00 | 0001 || 000001000 || 07+01 = 08
0115) 0111 | 00 | 0010 || 000001001 || 07+02 = 09
0116) 0111 | 00 | 0011 || 000001010 || 07+03 = 10
0117) 0111 | 00 | 0100 || 000001011 || 07+04 = 11
0118) 0111 | 00 | 0101 || 000001100 || 07+05 = 12
0119) 0111 | 00 | 0110 || 000001101 || 07+06 = 13
0120) 0111 | 00 | 0111 || 000001110 || 07+07 = 14
0121) 0111 | 00 | 1000 || 000001111 || 07+08 = 15
0122) 0111 | 00 | 1001 || 000010000 || 07+09 = 16
0123) 0111 | 00 | 1010 || 000010001 || 07+10 = 17
0124) 0111 | 00 | 1011 || 000010010 || 07+11 = 18
0125) 0111 | 00 | 1100 || 000010011 || 07+12 = 19
0126) 0111 | 00 | 1101 || 000010100 || 07+13 = 20
0127) 0111 | 00 | 1110 || 000010101 || 07+14 = 21
0128) 0111 | 00 | 1111 || 000010110 || 07+15 = 22
0129) 1000 | 00 | 0000 || 000001000 || 08+00 = 08
0130) 1000 | 00 | 0001 || 000001001 || 08+01 = 09
0131) 1000 | 00 | 0010 || 000001010 || 08+02 = 10
0132) 1000 | 00 | 0011 || 000001011 || 08+03 = 11
0133) 1000 | 00 | 0100 || 000001100 || 08+04 = 12
0134) 1000 | 00 | 0101 || 000001101 || 08+05 = 13
0135) 1000 | 00 | 0110 || 000001110 || 08+06 = 14
0136) 1000 | 00 | 0111 || 000001111 || 08+07 = 15
0137) 1000 | 00 | 1000 || 000010000 || 08+08 = 16
0138) 1000 | 00 | 1001 || 000010001 || 08+09 = 17
0139) 1000 | 00 | 1010 || 000010010 || 08+10 = 18
0140) 1000 | 00 | 1011 || 000010011 || 08+11 = 19
0141) 1000 | 00 | 1100 || 000010100 || 08+12 = 20
0142) 1000 | 00 | 1101 || 000010101 || 08+13 = 21
0143) 1000 | 00 | 1110 || 000010110 || 08+14 = 22
0144) 1000 | 00 | 1111 || 000010111 || 08+15 = 23
0145) 1001 | 00 | 0000 || 000001001 || 09+00 = 09
0146) 1001 | 00 | 0001 || 000001010 || 09+01 = 10
0147) 1001 | 00 | 0010 || 000001011 || 09+02 = 11
0148) 1001 | 00 | 0011 || 000001100 || 09+03 = 12
0149) 1001 | 00 | 0100 || 000001101 || 09+04 = 13
0150) 1001 | 00 | 0101 || 000001110 || 09+05 = 14
0151) 1001 | 00 | 0110 || 000001111 || 09+06 = 15
0152) 1001 | 00 | 0111 || 000010000 || 09+07 = 16
0153) 1001 | 00 | 1000 || 000010001 || 09+08 = 17
0154) 1001 | 00 | 1001 || 000010010 || 09+09 = 18
0155) 1001 | 00 | 1010 || 000010011 || 09+10 = 19
0156) 1001 | 00 | 1011 || 000010100 || 09+11 = 20
0157) 1001 | 00 | 1100 || 000010101 || 09+12 = 21
0158) 1001 | 00 | 1101 || 000010110 || 09+13 = 22
0159) 1001 | 00 | 1110 || 000010111 || 09+14 = 23
0160) 1001 | 00 | 1111 || 000011000 || 09+15 = 24
0161) 1010 | 00 | 0000 || 000001010 || 10+00 = 10
0162) 1010 | 00 | 0001 || 000001011 || 10+01 = 11
0163) 1010 | 00 | 0010 || 000001100 || 10+02 = 12
0164) 1010 | 00 | 0011 || 000001101 || 10+03 = 13
0165) 1010 | 00 | 0100 || 000001110 || 10+04 = 14
0166) 1010 | 00 | 0101 || 000001111 || 10+05 = 15
0167) 1010 | 00 | 0110 || 000010000 || 10+06 = 16
0168) 1010 | 00 | 0111 || 000010001 || 10+07 = 17
0169) 1010 | 00 | 1000 || 000010010 || 10+08 = 18
0170) 1010 | 00 | 1001 || 000010011 || 10+09 = 19
0171) 1010 | 00 | 1010 || 000010100 || 10+10 = 20
0172) 1010 | 00 | 1011 || 000010101 || 10+11 = 21
0173) 1010 | 00 | 1100 || 000010110 || 10+12 = 22
0174) 1010 | 00 | 1101 || 000010111 || 10+13 = 23
0175) 1010 | 00 | 1110 || 000011000 || 10+14 = 24
0176) 1010 | 00 | 1111 || 000011001 || 10+15 = 25
0177) 1011 | 00 | 0000 || 000001011 || 11+00 = 11
0178) 1011 | 00 | 0001 || 000001100 || 11+01 = 12
0179) 1011 | 00 | 0010 || 000001101 || 11+02 = 13
0180) 1011 | 00 | 0011 || 000001110 || 11+03 = 14
0181) 1011 | 00 | 0100 || 000001111 || 11+04 = 15
0182) 1011 | 00 | 0101 || 000010000 || 11+05 = 16
0183) 1011 | 00 | 0110 || 000010001 || 11+06 = 17
0184) 1011 | 00 | 0111 || 000010010 || 11+07 = 18
0185) 1011 | 00 | 1000 || 000010011 || 11+08 = 19
0186) 1011 | 00 | 1001 || 000010100 || 11+09 = 20
0187) 1011 | 00 | 1010 || 000010101 || 11+10 = 21
0188) 1011 | 00 | 1011 || 000010110 || 11+11 = 22
0189) 1011 | 00 | 1100 || 000010111 || 11+12 = 23
0190) 1011 | 00 | 1101 || 000011000 || 11+13 = 24
0191) 1011 | 00 | 1110 || 000011001 || 11+14 = 25
0192) 1011 | 00 | 1111 || 000011010 || 11+15 = 26
0193) 1100 | 00 | 0000 || 000001100 || 12+00 = 12
0194) 1100 | 00 | 0001 || 000001101 || 12+01 = 13
0195) 1100 | 00 | 0010 || 000001110 || 12+02 = 14
0196) 1100 | 00 | 0011 || 000001111 || 12+03 = 15
0197) 1100 | 00 | 0100 || 000010000 || 12+04 = 16
0198) 1100 | 00 | 0101 || 000010001 || 12+05 = 17
0199) 1100 | 00 | 0110 || 000010010 || 12+06 = 18
0200) 1100 | 00 | 0111 || 000010011 || 12+07 = 19
0201) 1100 | 00 | 1000 || 000010100 || 12+08 = 20
0202) 1100 | 00 | 1001 || 000010101 || 12+09 = 21
0203) 1100 | 00 | 1010 || 000010110 || 12+10 = 22
0204) 1100 | 00 | 1011 || 000010111 || 12+11 = 23
0205) 1100 | 00 | 1100 || 000011000 || 12+12 = 24
0206) 1100 | 00 | 1101 || 000011001 || 12+13 = 25
0207) 1100 | 00 | 1110 || 000011010 || 12+14 = 26
0208) 1100 | 00 | 1111 || 000011011 || 12+15 = 27
0209) 1101 | 00 | 0000 || 000001101 || 13+00 = 13
0210) 1101 | 00 | 0001 || 000001110 || 13+01 = 14
0211) 1101 | 00 | 0010 || 000001111 || 13+02 = 15
0212) 1101 | 00 | 0011 || 000010000 || 13+03 = 16
0213) 1101 | 00 | 0100 || 000010001 || 13+04 = 17
0214) 1101 | 00 | 0101 || 000010010 || 13+05 = 18
0215) 1101 | 00 | 0110 || 000010011 || 13+06 = 19
0216) 1101 | 00 | 0111 || 000010100 || 13+07 = 20
0217) 1101 | 00 | 1000 || 000010101 || 13+08 = 21
0218) 1101 | 00 | 1001 || 000010110 || 13+09 = 22
0219) 1101 | 00 | 1010 || 000010111 || 13+10 = 23
0220) 1101 | 00 | 1011 || 000011000 || 13+11 = 24
0221) 1101 | 00 | 1100 || 000011001 || 13+12 = 25
0222) 1101 | 00 | 1101 || 000011010 || 13+13 = 26
0223) 1101 | 00 | 1110 || 000011011 || 13+14 = 27
0224) 1101 | 00 | 1111 || 000011100 || 13+15 = 28
0225) 1110 | 00 | 0000 || 000001110 || 14+00 = 14
0226) 1110 | 00 | 0001 || 000001111 || 14+01 = 15
0227) 1110 | 00 | 0010 || 000010000 || 14+02 = 16
0228) 1110 | 00 | 0011 || 000010001 || 14+03 = 17
0229) 1110 | 00 | 0100 || 000010010 || 14+04 = 18
0230) 1110 | 00 | 0101 || 000010011 || 14+05 = 19
0231) 1110 | 00 | 0110 || 000010100 || 14+06 = 20
0232) 1110 | 00 | 0111 || 000010101 || 14+07 = 21
0233) 1110 | 00 | 1000 || 000010110 || 14+08 = 22
0234) 1110 | 00 | 1001 || 000010111 || 14+09 = 23
0235) 1110 | 00 | 1010 || 000011000 || 14+10 = 24
0236) 1110 | 00 | 1011 || 000011001 || 14+11 = 25
0237) 1110 | 00 | 1100 || 000011010 || 14+12 = 26
0238) 1110 | 00 | 1101 || 000011011 || 14+13 = 27
0239) 1110 | 00 | 1110 || 000011100 || 14+14 = 28
0240) 1110 | 00 | 1111 || 000011101 || 14+15 = 29
0241) 1111 | 00 | 0000 || 000001111 || 15+00 = 15
0242) 1111 | 00 | 0001 || 000010000 || 15+01 = 16
0243) 1111 | 00 | 0010 || 000010001 || 15+02 = 17
0244) 1111 | 00 | 0011 || 000010010 || 15+03 = 18
0245) 1111 | 00 | 0100 || 000010011 || 15+04 = 19
0246) 1111 | 00 | 0101 || 000010100 || 15+05 = 20
0247) 1111 | 00 | 0110 || 000010101 || 15+06 = 21
0248) 1111 | 00 | 0111 || 000010110 || 15+07 = 22
0249) 1111 | 00 | 1000 || 000010111 || 15+08 = 23
0250) 1111 | 00 | 1001 || 000011000 || 15+09 = 24
0251) 1111 | 00 | 1010 || 000011001 || 15+10 = 25
0252) 1111 | 00 | 1011 || 000011010 || 15+11 = 26
0253) 1111 | 00 | 1100 || 000011011 || 15+12 = 27
0254) 1111 | 00 | 1101 || 000011100 || 15+13 = 28
0255) 1111 | 00 | 1110 || 000011101 || 15+14 = 29
0256) 1111 | 00 | 1111 || 000011110 || 15+15 = 30
0257) 0000 | 01 | 0000 || 000000000 || 00-00 = 00
0258) 0000 | 01 | 0001 || 100000001 || 00-01 = -1
0259) 0000 | 01 | 0010 || 100000010 || 00-02 = -2
0260) 0000 | 01 | 0011 || 100000011 || 00-03 = -3
0261) 0000 | 01 | 0100 || 100000100 || 00-04 = -4
0262) 0000 | 01 | 0101 || 100000101 || 00-05 = -5
0263) 0000 | 01 | 0110 || 100000110 || 00-06 = -6
0264) 0000 | 01 | 0111 || 100000111 || 00-07 = -7
0265) 0000 | 01 | 1000 || 100001000 || 00-08 = -8
0266) 0000 | 01 | 1001 || 100001001 || 00-09 = -9
0267) 0000 | 01 | 1010 || 100001010 || 00-10 = -10
0268) 0000 | 01 | 1011 || 100001011 || 00-11 = -11
0269) 0000 | 01 | 1100 || 100001100 || 00-12 = -12
0270) 0000 | 01 | 1101 || 100001101 || 00-13 = -13
0271) 0000 | 01 | 1110 || 100001110 || 00-14 = -14
0272) 0000 | 01 | 1111 || 100001111 || 00-15 = -15
0273) 0001 | 01 | 0000 || 000000001 || 01-00 = 01
0274) 0001 | 01 | 0001 || 000000000 || 01-01 = 00
0275) 0001 | 01 | 0010 || 100000001 || 01-02 = -1
0276) 0001 | 01 | 0011 || 100000010 || 01-03 = -2
0277) 0001 | 01 | 0100 || 100000011 || 01-04 = -3
0278) 0001 | 01 | 0101 || 100000100 || 01-05 = -4
0279) 0001 | 01 | 0110 || 100000101 || 01-06 = -5
0280) 0001 | 01 | 0111 || 100000110 || 01-07 = -6
0281) 0001 | 01 | 1000 || 100000111 || 01-08 = -7
0282) 0001 | 01 | 1001 || 100001000 || 01-09 = -8
0283) 0001 | 01 | 1010 || 100001001 || 01-10 = -9
0284) 0001 | 01 | 1011 || 100001010 || 01-11 = -10
0285) 0001 | 01 | 1100 || 100001011 || 01-12 = -11
0286) 0001 | 01 | 1101 || 100001100 || 01-13 = -12
0287) 0001 | 01 | 1110 || 100001101 || 01-14 = -13
0288) 0001 | 01 | 1111 || 100001110 || 01-15 = -14
0289) 0010 | 01 | 0000 || 000000010 || 02-00 = 02
0290) 0010 | 01 | 0001 || 000000001 || 02-01 = 01
0291) 0010 | 01 | 0010 || 000000000 || 02-02 = 00
0292) 0010 | 01 | 0011 || 100000001 || 02-03 = -1
0293) 0010 | 01 | 0100 || 100000010 || 02-04 = -2
0294) 0010 | 01 | 0101 || 100000011 || 02-05 = -3
0295) 0010 | 01 | 0110 || 100000100 || 02-06 = -4
0296) 0010 | 01 | 0111 || 100000101 || 02-07 = -5
0297) 0010 | 01 | 1000 || 100000110 || 02-08 = -6
0298) 0010 | 01 | 1001 || 100000111 || 02-09 = -7
0299) 0010 | 01 | 1010 || 100001000 || 02-10 = -8
0300) 0010 | 01 | 1011 || 100001001 || 02-11 = -9
0301) 0010 | 01 | 1100 || 100001010 || 02-12 = -10
0302) 0010 | 01 | 1101 || 100001011 || 02-13 = -11
0303) 0010 | 01 | 1110 || 100001100 || 02-14 = -12
0304) 0010 | 01 | 1111 || 100001101 || 02-15 = -13
0305) 0011 | 01 | 0000 || 000000011 || 03-00 = 03
0306) 0011 | 01 | 0001 || 000000010 || 03-01 = 02
0307) 0011 | 01 | 0010 || 000000001 || 03-02 = 01
0308) 0011 | 01 | 0011 || 000000000 || 03-03 = 00
0309) 0011 | 01 | 0100 || 100000001 || 03-04 = -1
0310) 0011 | 01 | 0101 || 100000010 || 03-05 = -2
0311) 0011 | 01 | 0110 || 100000011 || 03-06 = -3
0312) 0011 | 01 | 0111 || 100000100 || 03-07 = -4
0313) 0011 | 01 | 1000 || 100000101 || 03-08 = -5
0314) 0011 | 01 | 1001 || 100000110 || 03-09 = -6
0315) 0011 | 01 | 1010 || 100000111 || 03-10 = -7
0316) 0011 | 01 | 1011 || 100001000 || 03-11 = -8
0317) 0011 | 01 | 1100 || 100001001 || 03-12 = -9
0318) 0011 | 01 | 1101 || 100001010 || 03-13 = -10
0319) 0011 | 01 | 1110 || 100001011 || 03-14 = -11
0320) 0011 | 01 | 1111 || 100001100 || 03-15 = -12
0321) 0100 | 01 | 0000 || 000000100 || 04-00 = 04
0322) 0100 | 01 | 0001 || 000000011 || 04-01 = 03
0323) 0100 | 01 | 0010 || 000000010 || 04-02 = 02
0324) 0100 | 01 | 0011 || 000000001 || 04-03 = 01
0325) 0100 | 01 | 0100 || 000000000 || 04-04 = 00
0326) 0100 | 01 | 0101 || 100000001 || 04-05 = -1
0327) 0100 | 01 | 0110 || 100000010 || 04-06 = -2
0328) 0100 | 01 | 0111 || 100000011 || 04-07 = -3
0329) 0100 | 01 | 1000 || 100000100 || 04-08 = -4
0330) 0100 | 01 | 1001 || 100000101 || 04-09 = -5
0331) 0100 | 01 | 1010 || 100000110 || 04-10 = -6
0332) 0100 | 01 | 1011 || 100000111 || 04-11 = -7
0333) 0100 | 01 | 1100 || 100001000 || 04-12 = -8
0334) 0100 | 01 | 1101 || 100001001 || 04-13 = -9
0335) 0100 | 01 | 1110 || 100001010 || 04-14 = -10
0336) 0100 | 01 | 1111 || 100001011 || 04-15 = -11
0337) 0101 | 01 | 0000 || 000000101 || 05-00 = 05
0338) 0101 | 01 | 0001 || 000000100 || 05-01 = 04
0339) 0101 | 01 | 0010 || 000000011 || 05-02 = 03
0340) 0101 | 01 | 0011 || 000000010 || 05-03 = 02
0341) 0101 | 01 | 0100 || 000000001 || 05-04 = 01
0342) 0101 | 01 | 0101 || 000000000 || 05-05 = 00
0343) 0101 | 01 | 0110 || 100000001 || 05-06 = -1
0344) 0101 | 01 | 0111 || 100000010 || 05-07 = -2
0345) 0101 | 01 | 1000 || 100000011 || 05-08 = -3
0346) 0101 | 01 | 1001 || 100000100 || 05-09 = -4
0347) 0101 | 01 | 1010 || 100000101 || 05-10 = -5
0348) 0101 | 01 | 1011 || 100000110 || 05-11 = -6
0349) 0101 | 01 | 1100 || 100000111 || 05-12 = -7
0350) 0101 | 01 | 1101 || 100001000 || 05-13 = -8
0351) 0101 | 01 | 1110 || 100001001 || 05-14 = -9
0352) 0101 | 01 | 1111 || 100001010 || 05-15 = -10
0353) 0110 | 01 | 0000 || 000000110 || 06-00 = 06
0354) 0110 | 01 | 0001 || 000000101 || 06-01 = 05
0355) 0110 | 01 | 0010 || 000000100 || 06-02 = 04
0356) 0110 | 01 | 0011 || 000000011 || 06-03 = 03
0357) 0110 | 01 | 0100 || 000000010 || 06-04 = 02
0358) 0110 | 01 | 0101 || 000000001 || 06-05 = 01
0359) 0110 | 01 | 0110 || 000000000 || 06-06 = 00
0360) 0110 | 01 | 0111 || 100000001 || 06-07 = -1
0361) 0110 | 01 | 1000 || 100000010 || 06-08 = -2
0362) 0110 | 01 | 1001 || 100000011 || 06-09 = -3
0363) 0110 | 01 | 1010 || 100000100 || 06-10 = -4
0364) 0110 | 01 | 1011 || 100000101 || 06-11 = -5
0365) 0110 | 01 | 1100 || 100000110 || 06-12 = -6
0366) 0110 | 01 | 1101 || 100000111 || 06-13 = -7
0367) 0110 | 01 | 1110 || 100001000 || 06-14 = -8
0368) 0110 | 01 | 1111 || 100001001 || 06-15 = -9
0369) 0111 | 01 | 0000 || 000000111 || 07-00 = 07
0370) 0111 | 01 | 0001 || 000000110 || 07-01 = 06
0371) 0111 | 01 | 0010 || 000000101 || 07-02 = 05
0372) 0111 | 01 | 0011 || 000000100 || 07-03 = 04
0373) 0111 | 01 | 0100 || 000000011 || 07-04 = 03
0374) 0111 | 01 | 0101 || 000000010 || 07-05 = 02
0375) 0111 | 01 | 0110 || 000000001 || 07-06 = 01
0376) 0111 | 01 | 0111 || 000000000 || 07-07 = 00
0377) 0111 | 01 | 1000 || 100000001 || 07-08 = -1
0378) 0111 | 01 | 1001 || 100000010 || 07-09 = -2
0379) 0111 | 01 | 1010 || 100000011 || 07-10 = -3
0380) 0111 | 01 | 1011 || 100000100 || 07-11 = -4
0381) 0111 | 01 | 1100 || 100000101 || 07-12 = -5
0382) 0111 | 01 | 1101 || 100000110 || 07-13 = -6
0383) 0111 | 01 | 1110 || 100000111 || 07-14 = -7
0384) 0111 | 01 | 1111 || 100001000 || 07-15 = -8
0385) 1000 | 01 | 0000 || 000001000 || 08-00 = 08
0386) 1000 | 01 | 0001 || 000000111 || 08-01 = 07
0387) 1000 | 01 | 0010 || 000000110 || 08-02 = 06
0388) 1000 | 01 | 0011 || 000000101 || 08-03 = 05
0389) 1000 | 01 | 0100 || 000000100 || 08-04 = 04
0390) 1000 | 01 | 0101 || 000000011 || 08-05 = 03
0391) 1000 | 01 | 0110 || 000000010 || 08-06 = 02
0392) 1000 | 01 | 0111 || 000000001 || 08-07 = 01
0393) 1000 | 01 | 1000 || 000000000 || 08-08 = 00
0394) 1000 | 01 | 1001 || 100000001 || 08-09 = -1
0395) 1000 | 01 | 1010 || 100000010 || 08-10 = -2
0396) 1000 | 01 | 1011 || 100000011 || 08-11 = -3
0397) 1000 | 01 | 1100 || 100000100 || 08-12 = -4
0398) 1000 | 01 | 1101 || 100000101 || 08-13 = -5
0399) 1000 | 01 | 1110 || 100000110 || 08-14 = -6
0400) 1000 | 01 | 1111 || 100000111 || 08-15 = -7
0401) 1001 | 01 | 0000 || 000001001 || 09-00 = 09
0402) 1001 | 01 | 0001 || 000001000 || 09-01 = 08
0403) 1001 | 01 | 0010 || 000000111 || 09-02 = 07
0404) 1001 | 01 | 0011 || 000000110 || 09-03 = 06
0405) 1001 | 01 | 0100 || 000000101 || 09-04 = 05
0406) 1001 | 01 | 0101 || 000000100 || 09-05 = 04
0407) 1001 | 01 | 0110 || 000000011 || 09-06 = 03
0408) 1001 | 01 | 0111 || 000000010 || 09-07 = 02
0409) 1001 | 01 | 1000 || 000000001 || 09-08 = 01
0410) 1001 | 01 | 1001 || 000000000 || 09-09 = 00
0411) 1001 | 01 | 1010 || 100000001 || 09-10 = -1
0412) 1001 | 01 | 1011 || 100000010 || 09-11 = -2
0413) 1001 | 01 | 1100 || 100000011 || 09-12 = -3
0414) 1001 | 01 | 1101 || 100000100 || 09-13 = -4
0415) 1001 | 01 | 1110 || 100000101 || 09-14 = -5
0416) 1001 | 01 | 1111 || 100000110 || 09-15 = -6
0417) 1010 | 01 | 0000 || 000001010 || 10-00 = 010
0418) 1010 | 01 | 0001 || 000001001 || 10-01 = 09
0419) 1010 | 01 | 0010 || 000001000 || 10-02 = 08
0420) 1010 | 01 | 0011 || 000000111 || 10-03 = 07
0421) 1010 | 01 | 0100 || 000000110 || 10-04 = 06
0422) 1010 | 01 | 0101 || 000000101 || 10-05 = 05
0423) 1010 | 01 | 0110 || 000000100 || 10-06 = 04
0424) 1010 | 01 | 0111 || 000000011 || 10-07 = 03
0425) 1010 | 01 | 1000 || 000000010 || 10-08 = 02
0426) 1010 | 01 | 1001 || 000000001 || 10-09 = 01
0427) 1010 | 01 | 1010 || 000000000 || 10-10 = 00
0428) 1010 | 01 | 1011 || 100000001 || 10-11 = -1
0429) 1010 | 01 | 1100 || 100000010 || 10-12 = -2
0430) 1010 | 01 | 1101 || 100000011 || 10-13 = -3
0431) 1010 | 01 | 1110 || 100000100 || 10-14 = -4
0432) 1010 | 01 | 1111 || 100000101 || 10-15 = -5
0433) 1011 | 01 | 0000 || 000001011 || 11-00 = 011
0434) 1011 | 01 | 0001 || 000001010 || 11-01 = 010
0435) 1011 | 01 | 0010 || 000001001 || 11-02 = 09
0436) 1011 | 01 | 0011 || 000001000 || 11-03 = 08
0437) 1011 | 01 | 0100 || 000000111 || 11-04 = 07
0438) 1011 | 01 | 0101 || 000000110 || 11-05 = 06
0439) 1011 | 01 | 0110 || 000000101 || 11-06 = 05
0440) 1011 | 01 | 0111 || 000000100 || 11-07 = 04
0441) 1011 | 01 | 1000 || 000000011 || 11-08 = 03
0442) 1011 | 01 | 1001 || 000000010 || 11-09 = 02
0443) 1011 | 01 | 1010 || 000000001 || 11-10 = 01
0444) 1011 | 01 | 1011 || 000000000 || 11-11 = 00
0445) 1011 | 01 | 1100 || 100000001 || 11-12 = -1
0446) 1011 | 01 | 1101 || 100000010 || 11-13 = -2
0447) 1011 | 01 | 1110 || 100000011 || 11-14 = -3
0448) 1011 | 01 | 1111 || 100000100 || 11-15 = -4
0449) 1100 | 01 | 0000 || 000001100 || 12-00 = 012
0450) 1100 | 01 | 0001 || 000001011 || 12-01 = 011
0451) 1100 | 01 | 0010 || 000001010 || 12-02 = 010
0452) 1100 | 01 | 0011 || 000001001 || 12-03 = 09
0453) 1100 | 01 | 0100 || 000001000 || 12-04 = 08
0454) 1100 | 01 | 0101 || 000000111 || 12-05 = 07
0455) 1100 | 01 | 0110 || 000000110 || 12-06 = 06
0456) 1100 | 01 | 0111 || 000000101 || 12-07 = 05
0457) 1100 | 01 | 1000 || 000000100 || 12-08 = 04
0458) 1100 | 01 | 1001 || 000000011 || 12-09 = 03
0459) 1100 | 01 | 1010 || 000000010 || 12-10 = 02
0460) 1100 | 01 | 1011 || 000000001 || 12-11 = 01
0461) 1100 | 01 | 1100 || 000000000 || 12-12 = 00
0462) 1100 | 01 | 1101 || 100000001 || 12-13 = -1
0463) 1100 | 01 | 1110 || 100000010 || 12-14 = -2
0464) 1100 | 01 | 1111 || 100000011 || 12-15 = -3
0465) 1101 | 01 | 0000 || 000001101 || 13-00 = 013
0466) 1101 | 01 | 0001 || 000001100 || 13-01 = 012
0467) 1101 | 01 | 0010 || 000001011 || 13-02 = 011
0468) 1101 | 01 | 0011 || 000001010 || 13-03 = 010
0469) 1101 | 01 | 0100 || 000001001 || 13-04 = 09
0470) 1101 | 01 | 0101 || 000001000 || 13-05 = 08
0471) 1101 | 01 | 0110 || 000000111 || 13-06 = 07
0472) 1101 | 01 | 0111 || 000000110 || 13-07 = 06
0473) 1101 | 01 | 1000 || 000000101 || 13-08 = 05
0474) 1101 | 01 | 1001 || 000000100 || 13-09 = 04
0475) 1101 | 01 | 1010 || 000000011 || 13-10 = 03
0476) 1101 | 01 | 1011 || 000000010 || 13-11 = 02
0477) 1101 | 01 | 1100 || 000000001 || 13-12 = 01
0478) 1101 | 01 | 1101 || 000000000 || 13-13 = 00
0479) 1101 | 01 | 1110 || 100000001 || 13-14 = -1
0480) 1101 | 01 | 1111 || 100000010 || 13-15 = -2
0481) 1110 | 01 | 0000 || 000001110 || 14-00 = 014
0482) 1110 | 01 | 0001 || 000001101 || 14-01 = 013
0483) 1110 | 01 | 0010 || 000001100 || 14-02 = 012
0484) 1110 | 01 | 0011 || 000001011 || 14-03 = 011
0485) 1110 | 01 | 0100 || 000001010 || 14-04 = 010
0486) 1110 | 01 | 0101 || 000001001 || 14-05 = 09
0487) 1110 | 01 | 0110 || 000001000 || 14-06 = 08
0488) 1110 | 01 | 0111 || 000000111 || 14-07 = 07
0489) 1110 | 01 | 1000 || 000000110 || 14-08 = 06
0490) 1110 | 01 | 1001 || 000000101 || 14-09 = 05
0491) 1110 | 01 | 1010 || 000000100 || 14-10 = 04
0492) 1110 | 01 | 1011 || 000000011 || 14-11 = 03
0493) 1110 | 01 | 1100 || 000000010 || 14-12 = 02
0494) 1110 | 01 | 1101 || 000000001 || 14-13 = 01
0495) 1110 | 01 | 1110 || 000000000 || 14-14 = 00
0496) 1110 | 01 | 1111 || 100000001 || 14-15 = -1
0497) 1111 | 01 | 0000 || 000001111 || 15-00 = 015
0498) 1111 | 01 | 0001 || 000001110 || 15-01 = 014
0499) 1111 | 01 | 0010 || 000001101 || 15-02 = 013
0500) 1111 | 01 | 0011 || 000001100 || 15-03 = 012
0501) 1111 | 01 | 0100 || 000001011 || 15-04 = 011
0502) 1111 | 01 | 0101 || 000001010 || 15-05 = 010
0503) 1111 | 01 | 0110 || 000001001 || 15-06 = 09
0504) 1111 | 01 | 0111 || 000001000 || 15-07 = 08
0505) 1111 | 01 | 1000 || 000000111 || 15-08 = 07
0506) 1111 | 01 | 1001 || 000000110 || 15-09 = 06
0507) 1111 | 01 | 1010 || 000000101 || 15-10 = 05
0508) 1111 | 01 | 1011 || 000000100 || 15-11 = 04
0509) 1111 | 01 | 1100 || 000000011 || 15-12 = 03
0510) 1111 | 01 | 1101 || 000000010 || 15-13 = 02
0511) 1111 | 01 | 1110 || 000000001 || 15-14 = 01
0512) 1111 | 01 | 1111 || 000000000 || 15-15 = 00
0513) 0000 | 10 | 0000 || 000000000 || 00*00 = 00
0514) 0000 | 10 | 0001 || 000000000 || 00*01 = 00
0515) 0000 | 10 | 0010 || 000000000 || 00*02 = 00
0516) 0000 | 10 | 0011 || 000000000 || 00*03 = 00
0517) 0000 | 10 | 0100 || 000000000 || 00*04 = 00
0518) 0000 | 10 | 0101 || 000000000 || 00*05 = 00
0519) 0000 | 10 | 0110 || 000000000 || 00*06 = 00
0520) 0000 | 10 | 0111 || 000000000 || 00*07 = 00
0521) 0000 | 10 | 1000 || 000000000 || 00*08 = 00
0522) 0000 | 10 | 1001 || 000000000 || 00*09 = 00
0523) 0000 | 10 | 1010 || 000000000 || 00*10 = 00
0524) 0000 | 10 | 1011 || 000000000 || 00*11 = 00
0525) 0000 | 10 | 1100 || 000000000 || 00*12 = 00
0526) 0000 | 10 | 1101 || 000000000 || 00*13 = 00
0527) 0000 | 10 | 1110 || 000000000 || 00*14 = 00
0528) 0000 | 10 | 1111 || 000000000 || 00*15 = 00
0529) 0001 | 10 | 0000 || 000000000 || 01*00 = 00
0530) 0001 | 10 | 0001 || 000000001 || 01*01 = 01
0531) 0001 | 10 | 0010 || 000000010 || 01*02 = 02
0532) 0001 | 10 | 0011 || 000000011 || 01*03 = 03
0533) 0001 | 10 | 0100 || 000000100 || 01*04 = 04
0534) 0001 | 10 | 0101 || 000000101 || 01*05 = 05
0535) 0001 | 10 | 0110 || 000000110 || 01*06 = 06
0536) 0001 | 10 | 0111 || 000000111 || 01*07 = 07
0537) 0001 | 10 | 1000 || 000001000 || 01*08 = 08
0538) 0001 | 10 | 1001 || 000001001 || 01*09 = 09
0539) 0001 | 10 | 1010 || 000001010 || 01*10 = 10
0540) 0001 | 10 | 1011 || 000001011 || 01*11 = 11
0541) 0001 | 10 | 1100 || 000001100 || 01*12 = 12
0542) 0001 | 10 | 1101 || 000001101 || 01*13 = 13
0543) 0001 | 10 | 1110 || 000001110 || 01*14 = 14
0544) 0001 | 10 | 1111 || 000001111 || 01*15 = 15
0545) 0010 | 10 | 0000 || 000000000 || 02*00 = 00
0546) 0010 | 10 | 0001 || 000000010 || 02*01 = 02
0547) 0010 | 10 | 0010 || 000000100 || 02*02 = 04
0548) 0010 | 10 | 0011 || 000000110 || 02*03 = 06
0549) 0010 | 10 | 0100 || 000001000 || 02*04 = 08
0550) 0010 | 10 | 0101 || 000001010 || 02*05 = 10
0551) 0010 | 10 | 0110 || 000001100 || 02*06 = 12
0552) 0010 | 10 | 0111 || 000001110 || 02*07 = 14
0553) 0010 | 10 | 1000 || 000010000 || 02*08 = 16
0554) 0010 | 10 | 1001 || 000010010 || 02*09 = 18
0555) 0010 | 10 | 1010 || 000010100 || 02*10 = 20
0556) 0010 | 10 | 1011 || 000010110 || 02*11 = 22
0557) 0010 | 10 | 1100 || 000011000 || 02*12 = 24
0558) 0010 | 10 | 1101 || 000011010 || 02*13 = 26
0559) 0010 | 10 | 1110 || 000011100 || 02*14 = 28
0560) 0010 | 10 | 1111 || 000011110 || 02*15 = 30
0561) 0011 | 10 | 0000 || 000000000 || 03*00 = 00
0562) 0011 | 10 | 0001 || 000000011 || 03*01 = 03
0563) 0011 | 10 | 0010 || 000000110 || 03*02 = 06
0564) 0011 | 10 | 0011 || 000001001 || 03*03 = 09
0565) 0011 | 10 | 0100 || 000001100 || 03*04 = 12
0566) 0011 | 10 | 0101 || 000001111 || 03*05 = 15
0567) 0011 | 10 | 0110 || 000010010 || 03*06 = 18
0568) 0011 | 10 | 0111 || 000010101 || 03*07 = 21
0569) 0011 | 10 | 1000 || 000011000 || 03*08 = 24
0570) 0011 | 10 | 1001 || 000011011 || 03*09 = 27
0571) 0011 | 10 | 1010 || 000011110 || 03*10 = 30
0572) 0011 | 10 | 1011 || 000100001 || 03*11 = 33
0573) 0011 | 10 | 1100 || 000100100 || 03*12 = 36
0574) 0011 | 10 | 1101 || 000100111 || 03*13 = 39
0575) 0011 | 10 | 1110 || 000101010 || 03*14 = 42
0576) 0011 | 10 | 1111 || 000101101 || 03*15 = 45
0577) 0100 | 10 | 0000 || 000000000 || 04*00 = 00
0578) 0100 | 10 | 0001 || 000000100 || 04*01 = 04
0579) 0100 | 10 | 0010 || 000001000 || 04*02 = 08
0580) 0100 | 10 | 0011 || 000001100 || 04*03 = 12
0581) 0100 | 10 | 0100 || 000010000 || 04*04 = 16
0582) 0100 | 10 | 0101 || 000010100 || 04*05 = 20
0583) 0100 | 10 | 0110 || 000011000 || 04*06 = 24
0584) 0100 | 10 | 0111 || 000011100 || 04*07 = 28
0585) 0100 | 10 | 1000 || 000100000 || 04*08 = 32
0586) 0100 | 10 | 1001 || 000100100 || 04*09 = 36
0587) 0100 | 10 | 1010 || 000101000 || 04*10 = 40
0588) 0100 | 10 | 1011 || 000101100 || 04*11 = 44
0589) 0100 | 10 | 1100 || 000110000 || 04*12 = 48
0590) 0100 | 10 | 1101 || 000110100 || 04*13 = 52
0591) 0100 | 10 | 1110 || 000111000 || 04*14 = 56
0592) 0100 | 10 | 1111 || 000111100 || 04*15 = 60
0593) 0101 | 10 | 0000 || 000000000 || 05*00 = 00
0594) 0101 | 10 | 0001 || 000000101 || 05*01 = 05
0595) 0101 | 10 | 0010 || 000001010 || 05*02 = 10
0596) 0101 | 10 | 0011 || 000001111 || 05*03 = 15
0597) 0101 | 10 | 0100 || 000010100 || 05*04 = 20
0598) 0101 | 10 | 0101 || 000011001 || 05*05 = 25
0599) 0101 | 10 | 0110 || 000011110 || 05*06 = 30
0600) 0101 | 10 | 0111 || 000100011 || 05*07 = 35
0601) 0101 | 10 | 1000 || 000101000 || 05*08 = 40
0602) 0101 | 10 | 1001 || 000101101 || 05*09 = 45
0603) 0101 | 10 | 1010 || 000110010 || 05*10 = 50
0604) 0101 | 10 | 1011 || 000110111 || 05*11 = 55
0605) 0101 | 10 | 1100 || 000111100 || 05*12 = 60
0606) 0101 | 10 | 1101 || 001000001 || 05*13 = 65
0607) 0101 | 10 | 1110 || 001000110 || 05*14 = 70
0608) 0101 | 10 | 1111 || 001001011 || 05*15 = 75
0609) 0110 | 10 | 0000 || 000000000 || 06*00 = 00
0610) 0110 | 10 | 0001 || 000000110 || 06*01 = 06
0611) 0110 | 10 | 0010 || 000001100 || 06*02 = 12
0612) 0110 | 10 | 0011 || 000010010 || 06*03 = 18
0613) 0110 | 10 | 0100 || 000011000 || 06*04 = 24
0614) 0110 | 10 | 0101 || 000011110 || 06*05 = 30
0615) 0110 | 10 | 0110 || 000100100 || 06*06 = 36
0616) 0110 | 10 | 0111 || 000101010 || 06*07 = 42
0617) 0110 | 10 | 1000 || 000110000 || 06*08 = 48
0618) 0110 | 10 | 1001 || 000110110 || 06*09 = 54
0619) 0110 | 10 | 1010 || 000111100 || 06*10 = 60
0620) 0110 | 10 | 1011 || 001000010 || 06*11 = 66
0621) 0110 | 10 | 1100 || 001001000 || 06*12 = 72
0622) 0110 | 10 | 1101 || 001001110 || 06*13 = 78
0623) 0110 | 10 | 1110 || 001010100 || 06*14 = 84
0624) 0110 | 10 | 1111 || 001011010 || 06*15 = 90
0625) 0111 | 10 | 0000 || 000000000 || 07*00 = 00
0626) 0111 | 10 | 0001 || 000000111 || 07*01 = 07
0627) 0111 | 10 | 0010 || 000001110 || 07*02 = 14
0628) 0111 | 10 | 0011 || 000010101 || 07*03 = 21
0629) 0111 | 10 | 0100 || 000011100 || 07*04 = 28
0630) 0111 | 10 | 0101 || 000100011 || 07*05 = 35
0631) 0111 | 10 | 0110 || 000101010 || 07*06 = 42
0632) 0111 | 10 | 0111 || 000110001 || 07*07 = 49
0633) 0111 | 10 | 1000 || 000111000 || 07*08 = 56
0634) 0111 | 10 | 1001 || 000111111 || 07*09 = 63
0635) 0111 | 10 | 1010 || 001000110 || 07*10 = 70
0636) 0111 | 10 | 1011 || 001001101 || 07*11 = 77
0637) 0111 | 10 | 1100 || 001010100 || 07*12 = 84
0638) 0111 | 10 | 1101 || 001011011 || 07*13 = 91
0639) 0111 | 10 | 1110 || 001100010 || 07*14 = 98
0640) 0111 | 10 | 1111 || 001101001 || 07*15 = 105
0641) 1000 | 10 | 0000 || 000000000 || 08*00 = 00
0642) 1000 | 10 | 0001 || 000001000 || 08*01 = 08
0643) 1000 | 10 | 0010 || 000010000 || 08*02 = 16
0644) 1000 | 10 | 0011 || 000011000 || 08*03 = 24
0645) 1000 | 10 | 0100 || 000100000 || 08*04 = 32
0646) 1000 | 10 | 0101 || 000101000 || 08*05 = 40
0647) 1000 | 10 | 0110 || 000110000 || 08*06 = 48
0648) 1000 | 10 | 0111 || 000111000 || 08*07 = 56
0649) 1000 | 10 | 1000 || 001000000 || 08*08 = 64
0650) 1000 | 10 | 1001 || 001001000 || 08*09 = 72
0651) 1000 | 10 | 1010 || 001010000 || 08*10 = 80
0652) 1000 | 10 | 1011 || 001011000 || 08*11 = 88
0653) 1000 | 10 | 1100 || 001100000 || 08*12 = 96
0654) 1000 | 10 | 1101 || 001101000 || 08*13 = 104
0655) 1000 | 10 | 1110 || 001110000 || 08*14 = 112
0656) 1000 | 10 | 1111 || 001111000 || 08*15 = 120
0657) 1001 | 10 | 0000 || 000000000 || 09*00 = 00
0658) 1001 | 10 | 0001 || 000001001 || 09*01 = 09
0659) 1001 | 10 | 0010 || 000010010 || 09*02 = 18
0660) 1001 | 10 | 0011 || 000011011 || 09*03 = 27
0661) 1001 | 10 | 0100 || 000100100 || 09*04 = 36
0662) 1001 | 10 | 0101 || 000101101 || 09*05 = 45
0663) 1001 | 10 | 0110 || 000110110 || 09*06 = 54
0664) 1001 | 10 | 0111 || 000111111 || 09*07 = 63
0665) 1001 | 10 | 1000 || 001001000 || 09*08 = 72
0666) 1001 | 10 | 1001 || 001010001 || 09*09 = 81
0667) 1001 | 10 | 1010 || 001011010 || 09*10 = 90
0668) 1001 | 10 | 1011 || 001100011 || 09*11 = 99
0669) 1001 | 10 | 1100 || 001101100 || 09*12 = 108
0670) 1001 | 10 | 1101 || 001110101 || 09*13 = 117
0671) 1001 | 10 | 1110 || 001111110 || 09*14 = 126
0672) 1001 | 10 | 1111 || 010000111 || 09*15 = 135
0673) 1010 | 10 | 0000 || 000000000 || 10*00 = 00
0674) 1010 | 10 | 0001 || 000001010 || 10*01 = 10
0675) 1010 | 10 | 0010 || 000010100 || 10*02 = 20
0676) 1010 | 10 | 0011 || 000011110 || 10*03 = 30
0677) 1010 | 10 | 0100 || 000101000 || 10*04 = 40
0678) 1010 | 10 | 0101 || 000110010 || 10*05 = 50
0679) 1010 | 10 | 0110 || 000111100 || 10*06 = 60
0680) 1010 | 10 | 0111 || 001000110 || 10*07 = 70
0681) 1010 | 10 | 1000 || 001010000 || 10*08 = 80
0682) 1010 | 10 | 1001 || 001011010 || 10*09 = 90
0683) 1010 | 10 | 1010 || 001100100 || 10*10 = 100
0684) 1010 | 10 | 1011 || 001101110 || 10*11 = 110
0685) 1010 | 10 | 1100 || 001111000 || 10*12 = 120
0686) 1010 | 10 | 1101 || 010000010 || 10*13 = 130
0687) 1010 | 10 | 1110 || 010001100 || 10*14 = 140
0688) 1010 | 10 | 1111 || 010010110 || 10*15 = 150
0689) 1011 | 10 | 0000 || 000000000 || 11*00 = 00
0690) 1011 | 10 | 0001 || 000001011 || 11*01 = 11
0691) 1011 | 10 | 0010 || 000010110 || 11*02 = 22
0692) 1011 | 10 | 0011 || 000100001 || 11*03 = 33
0693) 1011 | 10 | 0100 || 000101100 || 11*04 = 44
0694) 1011 | 10 | 0101 || 000110111 || 11*05 = 55
0695) 1011 | 10 | 0110 || 001000010 || 11*06 = 66
0696) 1011 | 10 | 0111 || 001001101 || 11*07 = 77
0697) 1011 | 10 | 1000 || 001011000 || 11*08 = 88
0698) 1011 | 10 | 1001 || 001100011 || 11*09 = 99
0699) 1011 | 10 | 1010 || 001101110 || 11*10 = 110
0700) 1011 | 10 | 1011 || 001111001 || 11*11 = 121
0701) 1011 | 10 | 1100 || 010000100 || 11*12 = 132
0702) 1011 | 10 | 1101 || 010001111 || 11*13 = 143
0703) 1011 | 10 | 1110 || 010011010 || 11*14 = 154
0704) 1011 | 10 | 1111 || 010100101 || 11*15 = 165
0705) 1100 | 10 | 0000 || 000000000 || 12*00 = 00
0706) 1100 | 10 | 0001 || 000001100 || 12*01 = 12
0707) 1100 | 10 | 0010 || 000011000 || 12*02 = 24
0708) 1100 | 10 | 0011 || 000100100 || 12*03 = 36
0709) 1100 | 10 | 0100 || 000110000 || 12*04 = 48
0710) 1100 | 10 | 0101 || 000111100 || 12*05 = 60
0711) 1100 | 10 | 0110 || 001001000 || 12*06 = 72
0712) 1100 | 10 | 0111 || 001010100 || 12*07 = 84
0713) 1100 | 10 | 1000 || 001100000 || 12*08 = 96
0714) 1100 | 10 | 1001 || 001101100 || 12*09 = 108
0715) 1100 | 10 | 1010 || 001111000 || 12*10 = 120
0716) 1100 | 10 | 1011 || 010000100 || 12*11 = 132
0717) 1100 | 10 | 1100 || 010010000 || 12*12 = 144
0718) 1100 | 10 | 1101 || 010011100 || 12*13 = 156
0719) 1100 | 10 | 1110 || 010101000 || 12*14 = 168
0720) 1100 | 10 | 1111 || 010110100 || 12*15 = 180
0721) 1101 | 10 | 0000 || 000000000 || 13*00 = 00
0722) 1101 | 10 | 0001 || 000001101 || 13*01 = 13
0723) 1101 | 10 | 0010 || 000011010 || 13*02 = 26
0724) 1101 | 10 | 0011 || 000100111 || 13*03 = 39
0725) 1101 | 10 | 0100 || 000110100 || 13*04 = 52
0726) 1101 | 10 | 0101 || 001000001 || 13*05 = 65
0727) 1101 | 10 | 0110 || 001001110 || 13*06 = 78
0728) 1101 | 10 | 0111 || 001011011 || 13*07 = 91
0729) 1101 | 10 | 1000 || 001101000 || 13*08 = 104
0730) 1101 | 10 | 1001 || 001110101 || 13*09 = 117
0731) 1101 | 10 | 1010 || 010000010 || 13*10 = 130
0732) 1101 | 10 | 1011 || 010001111 || 13*11 = 143
0733) 1101 | 10 | 1100 || 010011100 || 13*12 = 156
0734) 1101 | 10 | 1101 || 010101001 || 13*13 = 169
0735) 1101 | 10 | 1110 || 010110110 || 13*14 = 182
0736) 1101 | 10 | 1111 || 011000011 || 13*15 = 195
0737) 1110 | 10 | 0000 || 000000000 || 14*00 = 00
0738) 1110 | 10 | 0001 || 000001110 || 14*01 = 14
0739) 1110 | 10 | 0010 || 000011100 || 14*02 = 28
0740) 1110 | 10 | 0011 || 000101010 || 14*03 = 42
0741) 1110 | 10 | 0100 || 000111000 || 14*04 = 56
0742) 1110 | 10 | 0101 || 001000110 || 14*05 = 70
0743) 1110 | 10 | 0110 || 001010100 || 14*06 = 84
0744) 1110 | 10 | 0111 || 001100010 || 14*07 = 98
0745) 1110 | 10 | 1000 || 001110000 || 14*08 = 112
0746) 1110 | 10 | 1001 || 001111110 || 14*09 = 126
0747) 1110 | 10 | 1010 || 010001100 || 14*10 = 140
0748) 1110 | 10 | 1011 || 010011010 || 14*11 = 154
0749) 1110 | 10 | 1100 || 010101000 || 14*12 = 168
0750) 1110 | 10 | 1101 || 010110110 || 14*13 = 182
0751) 1110 | 10 | 1110 || 011000100 || 14*14 = 196
0752) 1110 | 10 | 1111 || 011010010 || 14*15 = 210
0753) 1111 | 10 | 0000 || 000000000 || 15*00 = 00
0754) 1111 | 10 | 0001 || 000001111 || 15*01 = 15
0755) 1111 | 10 | 0010 || 000011110 || 15*02 = 30
0756) 1111 | 10 | 0011 || 000101101 || 15*03 = 45
0757) 1111 | 10 | 0100 || 000111100 || 15*04 = 60
0758) 1111 | 10 | 0101 || 001001011 || 15*05 = 75
0759) 1111 | 10 | 0110 || 001011010 || 15*06 = 90
0760) 1111 | 10 | 0111 || 001101001 || 15*07 = 105
0761) 1111 | 10 | 1000 || 001111000 || 15*08 = 120
0762) 1111 | 10 | 1001 || 010000111 || 15*09 = 135
0763) 1111 | 10 | 1010 || 010010110 || 15*10 = 150
0764) 1111 | 10 | 1011 || 010100101 || 15*11 = 165
0765) 1111 | 10 | 1100 || 010110100 || 15*12 = 180
0766) 1111 | 10 | 1101 || 011000011 || 15*13 = 195
0767) 1111 | 10 | 1110 || 011010010 || 15*14 = 210
0768) 1111 | 10 | 1111 || 011100001 || 15*15 = 225
0769) 0000 | 11 | 0000 || 011111111 || 00/00 = XX
0770) 0000 | 11 | 0001 || 000000000 || 00/01 = 00
0771) 0000 | 11 | 0010 || 000000000 || 00/02 = 00
0772) 0000 | 11 | 0011 || 000000000 || 00/03 = 00
0773) 0000 | 11 | 0100 || 000000000 || 00/04 = 00
0774) 0000 | 11 | 0101 || 000000000 || 00/05 = 00
0775) 0000 | 11 | 0110 || 000000000 || 00/06 = 00
0776) 0000 | 11 | 0111 || 000000000 || 00/07 = 00
0777) 0000 | 11 | 1000 || 000000000 || 00/08 = 00
0778) 0000 | 11 | 1001 || 000000000 || 00/09 = 00
0779) 0000 | 11 | 1010 || 000000000 || 00/10 = 00
0780) 0000 | 11 | 1011 || 000000000 || 00/11 = 00
0781) 0000 | 11 | 1100 || 000000000 || 00/12 = 00
0782) 0000 | 11 | 1101 || 000000000 || 00/13 = 00
0783) 0000 | 11 | 1110 || 000000000 || 00/14 = 00
0784) 0000 | 11 | 1111 || 000000000 || 00/15 = 00
0785) 0001 | 11 | 0000 || 011111111 || 01/00 = XX
0786) 0001 | 11 | 0001 || 000000001 || 01/01 = 01
0787) 0001 | 11 | 0010 || 000000000 || 01/02 = 00
0788) 0001 | 11 | 0011 || 000000000 || 01/03 = 00
0789) 0001 | 11 | 0100 || 000000000 || 01/04 = 00
0790) 0001 | 11 | 0101 || 000000000 || 01/05 = 00
0791) 0001 | 11 | 0110 || 000000000 || 01/06 = 00
0792) 0001 | 11 | 0111 || 000000000 || 01/07 = 00
0793) 0001 | 11 | 1000 || 000000000 || 01/08 = 00
0794) 0001 | 11 | 1001 || 000000000 || 01/09 = 00
0795) 0001 | 11 | 1010 || 000000000 || 01/10 = 00
0796) 0001 | 11 | 1011 || 000000000 || 01/11 = 00
0797) 0001 | 11 | 1100 || 000000000 || 01/12 = 00
0798) 0001 | 11 | 1101 || 000000000 || 01/13 = 00
0799) 0001 | 11 | 1110 || 000000000 || 01/14 = 00
0800) 0001 | 11 | 1111 || 000000000 || 01/15 = 00
0801) 0010 | 11 | 0000 || 011111111 || 02/00 = XX
0802) 0010 | 11 | 0001 || 000000010 || 02/01 = 02
0803) 0010 | 11 | 0010 || 000000001 || 02/02 = 01
0804) 0010 | 11 | 0011 || 000000000 || 02/03 = 00
0805) 0010 | 11 | 0100 || 000000000 || 02/04 = 00
0806) 0010 | 11 | 0101 || 000000000 || 02/05 = 00
0807) 0010 | 11 | 0110 || 000000000 || 02/06 = 00
0808) 0010 | 11 | 0111 || 000000000 || 02/07 = 00
0809) 0010 | 11 | 1000 || 000000000 || 02/08 = 00
0810) 0010 | 11 | 1001 || 000000000 || 02/09 = 00
0811) 0010 | 11 | 1010 || 000000000 || 02/10 = 00
0812) 0010 | 11 | 1011 || 000000000 || 02/11 = 00
0813) 0010 | 11 | 1100 || 000000000 || 02/12 = 00
0814) 0010 | 11 | 1101 || 000000000 || 02/13 = 00
0815) 0010 | 11 | 1110 || 000000000 || 02/14 = 00
0816) 0010 | 11 | 1111 || 000000000 || 02/15 = 00
0817) 0011 | 11 | 0000 || 011111111 || 03/00 = XX
0818) 0011 | 11 | 0001 || 000000011 || 03/01 = 03
0819) 0011 | 11 | 0010 || 000000001 || 03/02 = 01
0820) 0011 | 11 | 0011 || 000000001 || 03/03 = 01
0821) 0011 | 11 | 0100 || 000000000 || 03/04 = 00
0822) 0011 | 11 | 0101 || 000000000 || 03/05 = 00
0823) 0011 | 11 | 0110 || 000000000 || 03/06 = 00
0824) 0011 | 11 | 0111 || 000000000 || 03/07 = 00
0825) 0011 | 11 | 1000 || 000000000 || 03/08 = 00
0826) 0011 | 11 | 1001 || 000000000 || 03/09 = 00
0827) 0011 | 11 | 1010 || 000000000 || 03/10 = 00
0828) 0011 | 11 | 1011 || 000000000 || 03/11 = 00
0829) 0011 | 11 | 1100 || 000000000 || 03/12 = 00
0830) 0011 | 11 | 1101 || 000000000 || 03/13 = 00
0831) 0011 | 11 | 1110 || 000000000 || 03/14 = 00
0832) 0011 | 11 | 1111 || 000000000 || 03/15 = 00
0833) 0100 | 11 | 0000 || 011111111 || 04/00 = XX
0834) 0100 | 11 | 0001 || 000000100 || 04/01 = 04
0835) 0100 | 11 | 0010 || 000000010 || 04/02 = 02
0836) 0100 | 11 | 0011 || 000000001 || 04/03 = 01
0837) 0100 | 11 | 0100 || 000000001 || 04/04 = 01
0838) 0100 | 11 | 0101 || 000000000 || 04/05 = 00
0839) 0100 | 11 | 0110 || 000000000 || 04/06 = 00
0840) 0100 | 11 | 0111 || 000000000 || 04/07 = 00
0841) 0100 | 11 | 1000 || 000000000 || 04/08 = 00
0842) 0100 | 11 | 1001 || 000000000 || 04/09 = 00
0843) 0100 | 11 | 1010 || 000000000 || 04/10 = 00
0844) 0100 | 11 | 1011 || 000000000 || 04/11 = 00
0845) 0100 | 11 | 1100 || 000000000 || 04/12 = 00
0846) 0100 | 11 | 1101 || 000000000 || 04/13 = 00
0847) 0100 | 11 | 1110 || 000000000 || 04/14 = 00
0848) 0100 | 11 | 1111 || 000000000 || 04/15 = 00
0849) 0101 | 11 | 0000 || 011111111 || 05/00 = XX
0850) 0101 | 11 | 0001 || 000000101 || 05/01 = 05
0851) 0101 | 11 | 0010 || 000000010 || 05/02 = 02
0852) 0101 | 11 | 0011 || 000000001 || 05/03 = 01
0853) 0101 | 11 | 0100 || 000000001 || 05/04 = 01
0854) 0101 | 11 | 0101 || 000000001 || 05/05 = 01
0855) 0101 | 11 | 0110 || 000000000 || 05/06 = 00
0856) 0101 | 11 | 0111 || 000000000 || 05/07 = 00
0857) 0101 | 11 | 1000 || 000000000 || 05/08 = 00
0858) 0101 | 11 | 1001 || 000000000 || 05/09 = 00
0859) 0101 | 11 | 1010 || 000000000 || 05/10 = 00
0860) 0101 | 11 | 1011 || 000000000 || 05/11 = 00
0861) 0101 | 11 | 1100 || 000000000 || 05/12 = 00
0862) 0101 | 11 | 1101 || 000000000 || 05/13 = 00
0863) 0101 | 11 | 1110 || 000000000 || 05/14 = 00
0864) 0101 | 11 | 1111 || 000000000 || 05/15 = 00
0865) 0110 | 11 | 0000 || 011111111 || 06/00 = XX
0866) 0110 | 11 | 0001 || 000000110 || 06/01 = 06
0867) 0110 | 11 | 0010 || 000000011 || 06/02 = 03
0868) 0110 | 11 | 0011 || 000000010 || 06/03 = 02
0869) 0110 | 11 | 0100 || 000000001 || 06/04 = 01
0870) 0110 | 11 | 0101 || 000000001 || 06/05 = 01
0871) 0110 | 11 | 0110 || 000000001 || 06/06 = 01
0872) 0110 | 11 | 0111 || 000000000 || 06/07 = 00
0873) 0110 | 11 | 1000 || 000000000 || 06/08 = 00
0874) 0110 | 11 | 1001 || 000000000 || 06/09 = 00
0875) 0110 | 11 | 1010 || 000000000 || 06/10 = 00
0876) 0110 | 11 | 1011 || 000000000 || 06/11 = 00
0877) 0110 | 11 | 1100 || 000000000 || 06/12 = 00
0878) 0110 | 11 | 1101 || 000000000 || 06/13 = 00
0879) 0110 | 11 | 1110 || 000000000 || 06/14 = 00
0880) 0110 | 11 | 1111 || 000000000 || 06/15 = 00
0881) 0111 | 11 | 0000 || 011111111 || 07/00 = XX
0882) 0111 | 11 | 0001 || 000000111 || 07/01 = 07
0883) 0111 | 11 | 0010 || 000000011 || 07/02 = 03
0884) 0111 | 11 | 0011 || 000000010 || 07/03 = 02
0885) 0111 | 11 | 0100 || 000000001 || 07/04 = 01
0886) 0111 | 11 | 0101 || 000000001 || 07/05 = 01
0887) 0111 | 11 | 0110 || 000000001 || 07/06 = 01
0888) 0111 | 11 | 0111 || 000000001 || 07/07 = 01
0889) 0111 | 11 | 1000 || 000000000 || 07/08 = 00
0890) 0111 | 11 | 1001 || 000000000 || 07/09 = 00
0891) 0111 | 11 | 1010 || 000000000 || 07/10 = 00
0892) 0111 | 11 | 1011 || 000000000 || 07/11 = 00
0893) 0111 | 11 | 1100 || 000000000 || 07/12 = 00
0894) 0111 | 11 | 1101 || 000000000 || 07/13 = 00
0895) 0111 | 11 | 1110 || 000000000 || 07/14 = 00
0896) 0111 | 11 | 1111 || 000000000 || 07/15 = 00
0897) 1000 | 11 | 0000 || 011111111 || 08/00 = XX
0898) 1000 | 11 | 0001 || 000001000 || 08/01 = 08
0899) 1000 | 11 | 0010 || 000000100 || 08/02 = 04
0900) 1000 | 11 | 0011 || 000000010 || 08/03 = 02
0901) 1000 | 11 | 0100 || 000000010 || 08/04 = 02
0902) 1000 | 11 | 0101 || 000000001 || 08/05 = 01
0903) 1000 | 11 | 0110 || 000000001 || 08/06 = 01
0904) 1000 | 11 | 0111 || 000000001 || 08/07 = 01
0905) 1000 | 11 | 1000 || 000000001 || 08/08 = 01
0906) 1000 | 11 | 1001 || 000000000 || 08/09 = 00
0907) 1000 | 11 | 1010 || 000000000 || 08/10 = 00
0908) 1000 | 11 | 1011 || 000000000 || 08/11 = 00
0909) 1000 | 11 | 1100 || 000000000 || 08/12 = 00
0910) 1000 | 11 | 1101 || 000000000 || 08/13 = 00
0911) 1000 | 11 | 1110 || 000000000 || 08/14 = 00
0912) 1000 | 11 | 1111 || 000000000 || 08/15 = 00
0913) 1001 | 11 | 0000 || 011111111 || 09/00 = XX
0914) 1001 | 11 | 0001 || 000001001 || 09/01 = 09
0915) 1001 | 11 | 0010 || 000000100 || 09/02 = 04
0916) 1001 | 11 | 0011 || 000000011 || 09/03 = 03
0917) 1001 | 11 | 0100 || 000000010 || 09/04 = 02
0918) 1001 | 11 | 0101 || 000000001 || 09/05 = 01
0919) 1001 | 11 | 0110 || 000000001 || 09/06 = 01
0920) 1001 | 11 | 0111 || 000000001 || 09/07 = 01
0921) 1001 | 11 | 1000 || 000000001 || 09/08 = 01
0922) 1001 | 11 | 1001 || 000000001 || 09/09 = 01
0923) 1001 | 11 | 1010 || 000000000 || 09/10 = 00
0924) 1001 | 11 | 1011 || 000000000 || 09/11 = 00
0925) 1001 | 11 | 1100 || 000000000 || 09/12 = 00
0926) 1001 | 11 | 1101 || 000000000 || 09/13 = 00
0927) 1001 | 11 | 1110 || 000000000 || 09/14 = 00
0928) 1001 | 11 | 1111 || 000000000 || 09/15 = 00
0929) 1010 | 11 | 0000 || 011111111 || 10/00 = XX
0930) 1010 | 11 | 0001 || 000001010 || 10/01 = 010
0931) 1010 | 11 | 0010 || 000000101 || 10/02 = 05
0932) 1010 | 11 | 0011 || 000000011 || 10/03 = 03
0933) 1010 | 11 | 0100 || 000000010 || 10/04 = 02
0934) 1010 | 11 | 0101 || 000000010 || 10/05 = 02
0935) 1010 | 11 | 0110 || 000000001 || 10/06 = 01
0936) 1010 | 11 | 0111 || 000000001 || 10/07 = 01
0937) 1010 | 11 | 1000 || 000000001 || 10/08 = 01
0938) 1010 | 11 | 1001 || 000000001 || 10/09 = 01
0939) 1010 | 11 | 1010 || 000000001 || 10/10 = 01
0940) 1010 | 11 | 1011 || 000000000 || 10/11 = 00
0941) 1010 | 11 | 1100 || 000000000 || 10/12 = 00
0942) 1010 | 11 | 1101 || 000000000 || 10/13 = 00
0943) 1010 | 11 | 1110 || 000000000 || 10/14 = 00
0944) 1010 | 11 | 1111 || 000000000 || 10/15 = 00
0945) 1011 | 11 | 0000 || 011111111 || 11/00 = XX
0946) 1011 | 11 | 0001 || 000001011 || 11/01 = 011
0947) 1011 | 11 | 0010 || 000000101 || 11/02 = 05
0948) 1011 | 11 | 0011 || 000000011 || 11/03 = 03
0949) 1011 | 11 | 0100 || 000000010 || 11/04 = 02
0950) 1011 | 11 | 0101 || 000000010 || 11/05 = 02
0951) 1011 | 11 | 0110 || 000000001 || 11/06 = 01
0952) 1011 | 11 | 0111 || 000000001 || 11/07 = 01
0953) 1011 | 11 | 1000 || 000000001 || 11/08 = 01
0954) 1011 | 11 | 1001 || 000000001 || 11/09 = 01
0955) 1011 | 11 | 1010 || 000000001 || 11/10 = 01
0956) 1011 | 11 | 1011 || 000000001 || 11/11 = 01
0957) 1011 | 11 | 1100 || 000000000 || 11/12 = 00
0958) 1011 | 11 | 1101 || 000000000 || 11/13 = 00
0959) 1011 | 11 | 1110 || 000000000 || 11/14 = 00
0960) 1011 | 11 | 1111 || 000000000 || 11/15 = 00
0961) 1100 | 11 | 0000 || 011111111 || 12/00 = XX
0962) 1100 | 11 | 0001 || 000001100 || 12/01 = 012
0963) 1100 | 11 | 0010 || 000000110 || 12/02 = 06
0964) 1100 | 11 | 0011 || 000000100 || 12/03 = 04
0965) 1100 | 11 | 0100 || 000000011 || 12/04 = 03
0966) 1100 | 11 | 0101 || 000000010 || 12/05 = 02
0967) 1100 | 11 | 0110 || 000000010 || 12/06 = 02
0968) 1100 | 11 | 0111 || 000000001 || 12/07 = 01
0969) 1100 | 11 | 1000 || 000000001 || 12/08 = 01
0970) 1100 | 11 | 1001 || 000000001 || 12/09 = 01
0971) 1100 | 11 | 1010 || 000000001 || 12/10 = 01
0972) 1100 | 11 | 1011 || 000000001 || 12/11 = 01
0973) 1100 | 11 | 1100 || 000000001 || 12/12 = 01
0974) 1100 | 11 | 1101 || 000000000 || 12/13 = 00
0975) 1100 | 11 | 1110 || 000000000 || 12/14 = 00
0976) 1100 | 11 | 1111 || 000000000 || 12/15 = 00
0977) 1101 | 11 | 0000 || 011111111 || 13/00 = XX
0978) 1101 | 11 | 0001 || 000001101 || 13/01 = 013
0979) 1101 | 11 | 0010 || 000000110 || 13/02 = 06
0980) 1101 | 11 | 0011 || 000000100 || 13/03 = 04
0981) 1101 | 11 | 0100 || 000000011 || 13/04 = 03
0982) 1101 | 11 | 0101 || 000000010 || 13/05 = 02
0983) 1101 | 11 | 0110 || 000000010 || 13/06 = 02
0984) 1101 | 11 | 0111 || 000000001 || 13/07 = 01
0985) 1101 | 11 | 1000 || 000000001 || 13/08 = 01
0986) 1101 | 11 | 1001 || 000000001 || 13/09 = 01
0987) 1101 | 11 | 1010 || 000000001 || 13/10 = 01
0988) 1101 | 11 | 1011 || 000000001 || 13/11 = 01
0989) 1101 | 11 | 1100 || 000000001 || 13/12 = 01
0990) 1101 | 11 | 1101 || 000000001 || 13/13 = 01
0991) 1101 | 11 | 1110 || 000000000 || 13/14 = 00
0992) 1101 | 11 | 1111 || 000000000 || 13/15 = 00
0993) 1110 | 11 | 0000 || 011111111 || 14/00 = XX
0994) 1110 | 11 | 0001 || 000001110 || 14/01 = 014
0995) 1110 | 11 | 0010 || 000000111 || 14/02 = 07
0996) 1110 | 11 | 0011 || 000000100 || 14/03 = 04
0997) 1110 | 11 | 0100 || 000000011 || 14/04 = 03
0998) 1110 | 11 | 0101 || 000000010 || 14/05 = 02
0999) 1110 | 11 | 0110 || 000000010 || 14/06 = 02
1000) 1110 | 11 | 0111 || 000000010 || 14/07 = 02
1001) 1110 | 11 | 1000 || 000000001 || 14/08 = 01
1002) 1110 | 11 | 1001 || 000000001 || 14/09 = 01
1003) 1110 | 11 | 1010 || 000000001 || 14/10 = 01
1004) 1110 | 11 | 1011 || 000000001 || 14/11 = 01
1005) 1110 | 11 | 1100 || 000000001 || 14/12 = 01
1006) 1110 | 11 | 1101 || 000000001 || 14/13 = 01
1007) 1110 | 11 | 1110 || 000000001 || 14/14 = 01
1008) 1110 | 11 | 1111 || 000000000 || 14/15 = 00
1009) 1111 | 11 | 0000 || 011111111 || 15/00 = XX
1010) 1111 | 11 | 0001 || 000001111 || 15/01 = 015
1011) 1111 | 11 | 0010 || 000000111 || 15/02 = 07
1012) 1111 | 11 | 0011 || 000000101 || 15/03 = 05
1013) 1111 | 11 | 0100 || 000000011 || 15/04 = 03
1014) 1111 | 11 | 0101 || 000000011 || 15/05 = 03
1015) 1111 | 11 | 0110 || 000000010 || 15/06 = 02
1016) 1111 | 11 | 0111 || 000000010 || 15/07 = 02
1017) 1111 | 11 | 1000 || 000000001 || 15/08 = 01
1018) 1111 | 11 | 1001 || 000000001 || 15/09 = 01
1019) 1111 | 11 | 1010 || 000000001 || 15/10 = 01
1020) 1111 | 11 | 1011 || 000000001 || 15/11 = 01
1021) 1111 | 11 | 1100 || 000000001 || 15/12 = 01
1022) 1111 | 11 | 1101 || 000000001 || 15/13 = 01
1023) 1111 | 11 | 1110 || 000000001 || 15/14 = 01
1024) 1111 | 11 | 1111 || 000000001 || 15/15 = 01
